desc: I1 cache:         32768 B, 64 B, 8-way associative
desc: D1 cache:         32768 B, 64 B, 8-way associative
desc: LL cache:         3145728 B, 64 B, 12-way associative
cmd: /home/x86isnice/HeapStack/bin/Debug/HeapStack 
events: Ir I1mr ILmr Dr D1mr DLmr Dw D1mw DLmw 
fl=/build/buildd/eglibc-2.19/csu/../csu/init-first.c
fn=_init
52 8 1 1 0 0 0 4 0 0
58 4 1 1 1 1 0 1 1 1
65 5 1 1 4 2 0 0 0 0
70 1 0 0 0 0 0 1 1 1
71 1 0 0 0 0 0 1 0 0
72 2 0 0 1 1 0 1 1 1
86 4 0 0 0 0 0 1 0 0
94 1 0 0 0 0 0 1 0 0
99 6 0 0 5 0 0 0 0 0
fl=/build/buildd/eglibc-2.19/csu/../sysdeps/generic/dl-hash.h
fn=_init
43 1 0 0 0 0 0 0 0 0
44 1 0 0 0 0 0 0 0 0
45 13 0 0 4 1 0 0 0 0
48 12 0 0 0 0 0 0 0 0
49 8 0 0 0 0 0 0 0 0
62 8 0 0 0 0 0 0 0 0
67 1 1 1 0 0 0 0 0 0
fl=/build/buildd/eglibc-2.19/csu/../sysdeps/unix/sysv/linux/x86_64/init-first.c
fn=_init
38 7 1 1 0 0 0 4 0 0
40 4 0 0 0 0 0 1 0 0
41 2 0 0 0 0 0 0 0 0
42 2 1 1 0 0 0 0 0 0
43 2 1 1 1 0 0 0 0 0
44 1 0 0 0 0 0 1 1 0
46 3 0 0 0 0 0 1 0 0
50 3 0 0 0 0 0 0 0 0
51 2 0 0 1 0 0 0 0 0
52 1 0 0 0 0 0 1 0 0
fl=/build/buildd/eglibc-2.19/csu/../sysdeps/x86_64/multiarch/init-arch.c
fn=__get_cpu_features
200 42 0 0 14 0 0 0 0 0
204 28 0 0 14 0 0 0 0 0
fn=__init_cpu_features
31 7 1 1 0 0 0 4 0 0
37 3 0 0 0 0 0 0 0 0
38 3 0 0 0 0 0 0 0 0
39 2 0 0 0 0 0 0 0 0
45 1 0 0 0 0 0 1 0 0
54 3 1 1 0 0 0 1 0 0
57 6 0 0 0 0 0 0 0 0
59 3 0 0 0 0 0 0 0 0
65 3 0 0 0 0 0 0 0 0
66 2 1 1 0 0 0 0 0 0
71 2 0 0 0 0 0 0 0 0
74 12 1 1 0 0 0 0 0 0
101 2 1 1 0 0 0 0 0 0
123 1 0 0 1 1 1 0 0 0
127 1 1 1 0 0 0 0 0 0
152 2 1 1 1 0 0 0 0 0
153 7 0 0 0 0 0 4 0 0
160 3 0 0 1 0 0 0 0 0
164 2 0 0 0 0 0 0 0 0
166 3 1 1 0 0 0 0 0 0
170 2 1 1 0 0 0 0 0 0
171 1 0 0 1 0 0 0 0 0
173 2 0 0 0 0 0 0 0 0
176 2 0 0 1 0 0 0 0 0
184 6 1 1 0 0 0 0 0 0
185 5 0 0 0 0 0 0 0 0
186 2 0 0 0 0 0 0 0 0
189 1 0 0 0 0 0 1 0 0
190 1 0 0 0 0 0 1 0 0
192 1 0 0 0 0 0 1 0 0
193 2 0 0 2 0 0 0 0 0
fl=/build/buildd/eglibc-2.19/csu/libc-start.c
fn=(below main)
133 10 1 1 0 0 0 8 0 0
137 7 2 2 1 0 0 1 0 0
219 2 0 0 0 0 0 0 0 0
220 4 0 0 0 0 0 1 0 0
242 6 0 0 2 0 0 0 0 0
245 2 0 0 0 0 0 0 0 0
246 5 1 1 4 0 0 1 0 0
250 4 0 0 2 2 0 0 0 0
265 2 0 0 0 0 0 0 0 0
274 2 0 0 0 0 0 1 0 0
275 2 1 1 0 0 0 0 0 0
280 2 0 0 1 1 0 1 0 0
281 2 0 0 1 1 0 1 0 0
284 2 0 0 0 0 0 1 0 0
287 6 0 0 5 2 0 1 0 0
fl=/build/buildd/eglibc-2.19/ctype/ctype-info.c
fn=__ctype_init
31 7 1 1 5 3 0 1 0 0
33 4 0 0 2 1 0 1 0 0
35 5 1 1 3 0 0 1 0 0
fl=/build/buildd/eglibc-2.19/elf/../elf/dl-runtime.c
fn=_dl_fixup
66 345 1 1 0 0 0 207 0 0
68 69 0 0 69 0 0 0 0 0
69 138 0 0 138 0 0 0 0 0
72 345 1 1 138 2 0 0 0 0
73 483 0 0 138 58 0 69 0 0
74 207 0 0 138 5 0 0 0 0
79 138 0 0 0 0 0 0 0 0
83 138 1 1 69 68 41 0 0 0
87 207 0 0 69 2 0 0 0 0
91 138 0 0 138 54 0 0 0 0
92 276 0 0 69 0 0 0 0 0
94 276 0 0 69 11 0 0 0 0
100 69 0 0 0 0 0 0 0 0
101 207 1 1 69 1 0 0 0 0
108 138 0 0 69 2 0 69 0 0
111 690 1 1 138 3 0 207 0 0
115 207 0 0 69 0 0 0 0 0
119 276 0 0 69 0 0 69 0 0
125 414 1 1 138 0 0 0 0 0
133 69 0 0 69 0 0 0 0 0
141 276 0 0 69 0 0 0 0 0
145 207 0 0 69 0 0 0 0 0
149 345 0 0 276 0 0 0 0 0
fl=/build/buildd/eglibc-2.19/elf/../elf/dl-sysdep.c
fn=_dl_sysdep_start
86 8 1 1 0 0 0 7 1 1
87 2 0 0 0 0 0 0 0 0
88 1 0 0 0 0 0 0 0 0
110 1 0 0 0 0 0 1 0 0
111 225 1 1 73 9 9 4 3 3
114 2 0 0 0 0 0 1 0 0
115 1 0 0 0 0 0 1 1 1
117 90 4 4 23 5 5 10 0 0
118 111 0 0 21 3 3 0 0 0
121 1 0 0 1 0 0 0 0 0
122 1 0 0 0 0 0 0 0 0
124 1 0 0 1 0 0 0 0 0
125 1 0 0 0 0 0 0 0 0
127 1 1 1 1 0 0 0 0 0
128 1 0 0 0 0 0 0 0 0
130 1 0 0 1 0 0 0 0 0
131 1 0 0 0 0 0 0 0 0
151 1 1 1 1 0 0 0 0 0
152 1 0 0 0 0 0 0 0 0
154 1 0 0 1 0 0 0 0 0
155 1 0 0 0 0 0 0 0 0
157 1 1 1 1 0 0 0 0 0
158 1 0 0 0 0 0 0 0 0
163 1 0 0 1 0 0 0 0 0
164 1 0 0 0 0 0 0 0 0
179 1 0 0 1 0 0 0 0 0
180 1 0 0 0 0 0 0 0 0
232 3 1 1 0 0 0 2 0 0
234 5 0 0 0 0 0 1 0 0
246 3 1 1 1 0 0 0 0 0
249 6 0 0 2 0 0 1 0 0
250 1 1 0 1 0 0 0 0 0
251 8 0 0 7 1 0 0 0 0
fn=_dl_sysdep_start_cleanup
256 1 1 1 1 0 0 0 0 0
fl=/build/buildd/eglibc-2.19/elf/../misc/sbrk.c
fn=sbrk
34 4 1 1 0 0 0 2 1 1
42 6 0 0 2 0 0 0 0 0
46 2 1 1 0 0 0 0 0 0
57 5 0 0 3 0 0 0 0 0
fl=/build/buildd/eglibc-2.19/elf/../sysdeps/unix/sysv/linux/dl-osinfo.h
fn=security_init
61 2 0 0 0 0 0 0 0 0
84 2 1 1 1 1 0 1 0 0
86 1 1 1 1 0 0 0 0 0
93 1 0 0 1 0 0 0 0 0
101 2 0 0 0 0 0 0 0 0
112 1 0 0 1 0 0 0 0 0
fl=/build/buildd/eglibc-2.19/elf/../sysdeps/unix/sysv/linux/dl-sysdep.c
fn=_dl_discover_osversion
45 7 1 1 0 0 0 6 0 0
47 3 0 0 1 0 0 0 0 0
87 5 1 1 0 0 0 1 1 1
102 1 0 0 0 0 0 0 0 0
106 1 0 0 0 0 0 0 0 0
107 1 0 0 0 0 0 0 0 0
109 12 1 1 3 1 1 0 0 0
111 6 0 0 0 0 0 0 0 0
113 17 0 0 4 1 1 0 0 0
115 1 0 0 0 0 0 0 0 0
116 2 0 0 0 0 0 0 0 0
119 3 0 0 0 0 0 0 0 0
120 3 0 0 0 0 0 0 0 0
121 3 0 0 0 0 0 0 0 0
123 13 1 1 0 0 0 0 0 0
128 2 0 0 0 0 0 0 0 0
132 8 0 0 7 0 0 0 0 0
fn=_dl_sysdep_start
35 2 0 0 0 0 0 1 0 0
fl=/build/buildd/eglibc-2.19/elf/../sysdeps/unix/sysv/linux/dl-vdso.c
fn=_dl_vdso_vsym
26 4 0 0 0 0 0 0 0 0
27 8 1 1 8 3 0 0 0 0
28 8 1 1 4 0 0 0 0 0
31 8 0 0 0 0 0 0 0 0
fl=/build/buildd/eglibc-2.19/elf/../sysdeps/unix/sysv/linux/x86_64/brk.c
fn=brk
28 1 0 0 0 0 0 0 0 0
31 7 1 1 0 0 0 1 1 1
33 2 0 0 0 0 0 0 0 0
39 1 0 0 0 0 0 0 0 0
40 1 0 0 1 0 0 0 0 0
fl=/build/buildd/eglibc-2.19/elf/../sysdeps/x86_64/dl-irel.h
fn=_dl_fixup
32 9 1 1 0 0 0 3 0 0
fl=/build/buildd/eglibc-2.19/elf/../sysdeps/x86_64/dl-machine.h
fn=_dl_fixup
210 69 0 0 0 0 0 69 0 0
fn=_dl_relocate_object
71 28 1 1 7 0 0 0 0 0
77 12 1 1 12 4 0 0 0 0
81 18 0 0 6 6 5 0 0 0
87 6 0 0 0 0 0 6 0 0
95 18 1 1 6 0 0 0 0 0
108 12 0 0 0 0 0 6 0 0
111 24 0 0 6 5 0 0 0 0
244 4468 0 0 0 0 0 0 0 0
265 4468 1 1 0 0 0 0 0 0
269 4468 0 0 0 0 0 0 0 0
276 84095 10 10 17009 1216 917 10820 5 0
278 11094 0 0 4428 1 1 0 0 0
281 8856 1 1 2214 0 0 0 0 0
287 15638 0 0 2234 7 3 0 0 0
320 8 0 0 0 0 0 0 0 0
321 12 1 1 4 2 0 4 2 1
328 6 0 0 2 0 0 0 0 0
330 4 0 0 4 1 1 0 0 0
339 4 0 0 0 0 0 2 1 0
382 33 1 1 11 0 0 0 0 0
386 55 0 0 11 1 0 0 0 0
391 55 1 1 22 2 2 11 9 9
410 6648 1 1 2216 275 274 2216 656 332
422 36 1 1 0 0 0 12 0 0
449 3 0 0 1 0 0 0 0 0
453 6 1 1 3 0 0 1 0 0
455 3 0 0 2 0 0 0 0 0
456 1 0 0 0 0 0 0 0 0
487 5031 0 0 1677 421 418 0 0 0
492 3354 1 1 0 0 0 0 0 0
493 5031 0 0 1677 210 210 1677 368 361
503 1493 0 0 756 0 0 0 0 0
507 1474 0 0 0 0 0 0 0 0
509 2211 0 0 737 0 0 0 0 0
510 737 0 0 737 93 91 0 0 0
527 38 0 0 38 0 0 0 0 0
529 19 0 0 0 0 0 19 0 0
530 19 0 0 0 0 0 19 0 0
fn=_dl_start
58 3 0 0 1 1 1 0 0 0
241 9 0 0 0 0 0 0 0 0
269 18 0 0 0 0 0 0 0 0
278 36 0 0 18 2 2 0 0 0
281 36 0 0 9 5 5 0 0 0
287 55 0 0 9 2 2 0 0 0
391 9 1 1 9 1 1 0 0 0
400 9 0 0 0 0 0 9 2 2
492 20 0 0 10 1 1 0 0 0
493 30 0 0 10 1 1 10 2 2
fn=_dl_sysdep_start
200 5 0 0 2 1 1 0 0 0
fl=/build/buildd/eglibc-2.19/elf/../sysdeps/x86_64/dl-trampoline.S
fn=_dl_runtime_resolve
34 69 1 1 0 0 0 0 0 0
36 69 0 0 0 0 0 69 0 0
37 69 0 0 0 0 0 69 0 0
38 69 0 0 0 0 0 69 0 0
39 69 0 0 0 0 0 69 0 0
40 69 0 0 0 0 0 69 0 0
41 69 1 1 0 0 0 69 0 0
42 69 0 0 0 0 0 69 0 0
43 69 0 0 69 0 0 0 0 0
44 69 0 0 69 0 0 0 0 0
45 69 0 0 0 0 0 69 0 0
46 69 0 0 0 0 0 0 0 0
47 69 0 0 69 0 0 0 0 0
48 69 0 0 69 0 0 0 0 0
49 69 0 0 69 0 0 0 0 0
50 69 0 0 69 0 0 0 0 0
51 69 0 0 69 0 0 0 0 0
52 69 0 0 69 0 0 0 0 0
53 69 0 0 69 0 0 0 0 0
54 69 0 0 0 0 0 0 0 0
56 69 1 1 0 0 0 0 0 0
fl=/build/buildd/eglibc-2.19/elf/dl-altinit.c
fn=dlinit_alt
33 3 0 0 2 0 0 0 0 0
34 1 0 0 1 0 0 0 0 0
fl=/build/buildd/eglibc-2.19/elf/dl-cache.c
fn=_dl_cache_libcmp
138 132 1 1 88 35 35 0 0 0
139 466 0 0 0 0 0 0 0 0
141 687 0 0 0 0 0 0 0 0
143 237 0 0 0 0 0 0 0 0
149 12 1 1 0 0 0 0 0 0
150 8 0 0 0 0 0 0 0 0
151 16 0 0 4 0 0 0 0 0
153 20 1 1 4 0 0 0 0 0
155 8 0 0 0 0 0 0 0 0
161 450 1 1 0 0 0 0 0 0
163 820 0 0 370 1 1 0 0 0
164 40 0 0 0 0 0 0 0 0
167 185 0 0 0 0 0 0 0 0
168 185 0 0 0 0 0 0 0 0
171 8 0 0 0 0 0 0 0 0
172 88 0 0 44 0 0 0 0 0
fn=_dl_load_cache_lookup
182 32 1 1 0 0 0 24 0 0
190 8 0 0 4 0 0 0 0 0
193 12 0 0 4 0 0 0 0 0
196 5 1 1 0 0 0 1 0 0
204 5 0 0 1 0 0 0 0 0
205 6 1 1 0 0 0 1 0 0
209 1 0 0 0 0 0 1 0 0
212 4 0 0 1 0 0 0 0 0
215 2 0 0 0 0 0 1 0 0
216 3 0 0 0 0 0 0 0 0
217 5 1 1 0 0 0 1 0 0
219 2 0 0 0 0 0 0 0 0
238 12 0 0 3 0 0 0 0 0
244 12 1 1 4 0 0 0 0 0
253 20 0 0 8 0 0 4 0 0
259 16 0 0 0 0 0 8 0 0
263 28 1 1 8 0 0 8 0 0
264 24 0 0 12 0 0 0 0 0
278 1015 9 9 128 30 30 48 0 0
294 8 1 1 4 0 0 0 0 0
299 36 0 0 28 0 0 0 0 0
fn=_dl_unload_cache
308 1 0 0 0 0 0 0 0 0
309 4 1 1 1 1 0 0 0 0
311 2 0 0 1 1 0 1 0 0
312 1 0 0 0 0 0 1 0 0
314 2 0 0 1 0 0 0 0 0
fl=/build/buildd/eglibc-2.19/elf/dl-debug.c
fn=_dl_debug_initialize
50 14 1 1 0 0 0 0 0 0
51 7 1 1 7 0 0 0 0 0
55 26 0 0 7 1 0 0 0 0
58 1 0 0 0 0 0 1 0 0
59 2 0 0 0 0 0 1 0 0
60 6 0 0 2 0 0 1 0 0
61 2 0 0 0 0 0 1 0 0
fn=_dl_debug_state
74 2 1 1 2 0 0 0 0 0
fl=/build/buildd/eglibc-2.19/elf/dl-deps.c
fn=_dl_map_object_deps
147 11 2 2 0 0 0 9 0 0
148 9 0 0 0 0 0 1 0 0
160 6 0 0 0 0 0 2 0 0
161 2 0 0 0 0 0 2 0 0
162 10 0 0 0 0 0 3 0 0
164 1 0 0 0 0 0 0 0 0
168 8 1 1 2 0 0 2 0 0
178 8 1 1 1 0 0 0 0 0
179 1 0 0 1 0 0 0 0 0
182 3 1 1 0 0 0 2 0 0
188 1 0 0 0 0 0 1 0 0
189 1 0 0 0 0 0 1 0 0
201 2 0 0 1 0 0 1 0 0
202 1 0 0 0 0 0 0 0 0
203 1 0 0 0 0 0 1 0 0
204 2 0 0 0 0 0 2 0 0
209 7 0 0 0 0 0 0 0 0
210 7 1 1 0 0 0 0 0 0
213 7 0 0 0 0 0 7 0 0
217 28 1 1 14 1 0 0 0 0
218 32 1 1 13 0 0 0 0 0
220 5 0 0 0 0 0 0 0 0
222 15 0 0 10 0 0 0 0 0
224 26 1 1 2 0 0 4 0 0
229 22 1 1 11 0 0 0 0 0
231 15 0 0 10 0 0 5 0 0
236 5 0 0 0 0 0 5 0 0
237 5 0 0 0 0 0 5 0 0
238 10 0 0 5 0 0 5 0 0
239 10 0 0 5 0 0 5 0 0
242 563 0 0 147 1 0 5 0 0
243 264 0 0 0 0 0 0 0 0
249 63 1 1 18 0 0 9 0 0
251 9 0 0 0 0 0 9 0 0
254 54 1 1 36 0 0 9 0 0
256 27 0 0 9 0 0 0 0 0
271 9 0 0 9 0 0 0 0 0
273 18 0 0 9 0 0 0 0 0
278 15 0 0 0 0 0 0 0 0
281 5 0 0 0 0 0 5 0 0
282 5 1 1 0 0 0 5 0 0
283 5 0 0 0 0 0 5 0 0
284 10 0 0 5 0 0 5 0 0
286 20 0 0 5 0 0 5 0 0
288 25 0 0 5 0 0 10 0 0
292 18 0 0 0 0 0 0 0 0
293 21 0 0 0 0 0 7 0 0
295 369 1 1 0 0 0 0 0 0
343 9 1 1 0 0 0 4 0 0
471 14 1 1 0 0 0 0 0 0
473 15 0 0 0 0 0 5 0 0
475 10 0 0 0 0 0 5 0 0
476 10 0 0 0 0 0 0 0 0
477 10 1 1 0 0 0 0 0 0
480 5 0 0 0 0 0 5 2 2
481 30 0 0 0 0 0 5 0 0
482 25 0 0 0 0 0 5 0 0
485 5 0 0 0 0 0 5 0 0
486 5 0 0 5 0 0 0 0 0
490 28 1 1 14 0 0 0 0 0
492 7 0 0 7 0 0 0 0 0
493 32 0 0 6 0 0 0 0 0
497 6 1 1 2 0 0 0 0 0
498 2 0 0 1 0 0 1 0 0
501 5 0 0 2 0 0 1 0 0
511 2 0 0 0 0 0 1 0 0
512 3 1 1 1 0 0 0 0 0
514 2 0 0 0 0 0 0 0 0
519 7 1 1 2 0 0 1 0 0
520 4 0 0 1 0 0 1 0 0
522 38 0 0 15 0 0 1 0 0
528 21 1 1 7 0 0 7 2 2
532 14 0 0 14 0 0 0 0 0
535 2 0 0 1 0 0 0 0 0
586 6 1 1 3 0 0 1 0 0
587 1 0 0 0 0 0 1 0 0
588 3 0 0 1 0 0 0 0 0
623 7 1 1 1 0 0 2 0 0
625 3 0 0 0 0 0 0 0 0
629 31 0 0 16 0 0 3 0 0
630 8 1 1 0 0 0 2 0 0
631 3 1 1 1 0 0 1 0 0
635 8 0 0 8 0 0 0 0 0
636 16 0 0 8 0 0 0 0 0
642 61 1 1 8 0 0 0 0 0
644 68 0 0 34 0 0 0 0 0
645 39 0 0 0 0 0 0 0 0
647 111 1 1 37 0 0 0 0 0
648 81 0 0 0 0 0 0 0 0
652 20 1 1 0 0 0 10 0 0
654 2 0 0 0 0 0 2 0 0
656 20 1 1 14 0 0 0 0 0
658 2 0 0 2 0 0 0 0 0
662 2 0 0 2 0 0 0 0 0
663 14 1 1 4 0 0 4 0 0
665 2 1 1 0 0 0 2 0 0
667 4 0 0 2 0 0 0 0 0
670 15 0 0 0 0 0 0 0 0
673 18 0 0 6 0 0 0 0 0
676 83 0 0 21 0 0 21 0 0
683 2 1 1 1 0 0 1 0 0
685 2 0 0 1 0 0 1 0 0
686 1 0 0 1 0 0 0 0 0
687 3 0 0 1 0 0 0 0 0
694 3 0 0 1 0 0 0 0 0
697 2 0 0 0 0 0 0 0 0
700 8 0 0 7 0 0 0 0 0
fn=openaux
60 18 1 1 0 0 0 9 0 0
63 90 1 1 36 0 0 18 0 0
64 18 0 0 9 0 0 0 0 0
67 9 0 0 9 0 0 0 0 0
68 18 0 0 18 0 0 0 0 0
fl=/build/buildd/eglibc-2.19/elf/dl-environ.c
fn=_dl_next_ld_env_entry
30 3 1 1 3 0 0 0 0 0
31 1 0 0 0 0 0 0 0 0
33 218 1 1 72 0 0 0 0 0
35 142 0 0 71 33 33 0 0 0
36 34 0 0 16 1 1 0 0 0
38 2 0 0 0 0 0 0 0 0
41 4 0 0 0 0 0 2 0 0
43 2 0 0 2 0 0 0 0 0
46 69 0 0 0 0 0 0 0 0
50 1 0 0 1 0 0 0 0 0
fl=/build/buildd/eglibc-2.19/elf/dl-error.c
fn=_dl_catch_error
163 40 1 1 0 0 0 30 0 0
175 20 0 0 0 0 0 20 3 3
176 20 0 0 0 0 0 20 1 1
177 20 0 0 0 0 0 20 0 0
178 20 0 0 0 0 0 10 0 0
180 20 0 0 10 0 0 20 1 1
181 20 0 0 10 0 0 10 0 0
182 20 1 1 0 0 0 10 0 0
185 60 0 0 0 0 0 10 0 0
187 30 0 0 20 0 0 10 0 0
188 30 0 0 20 0 0 10 0 0
189 20 0 0 10 0 0 10 0 0
190 20 1 1 10 0 0 10 0 0
191 20 0 0 10 0 0 10 0 0
199 40 0 0 20 0 0 0 0 0
fn=_dl_receive_error
205 10 1 1 0 0 0 6 0 0
206 2 0 0 1 0 0 1 0 0
210 1 0 0 1 0 0 0 0 0
211 1 0 0 1 0 0 0 0 0
214 1 0 0 0 0 0 1 0 0
215 1 0 0 0 0 0 1 0 0
217 2 0 0 0 0 0 1 0 0
219 1 1 1 0 0 0 1 0 0
220 1 0 0 0 0 0 1 0 0
221 8 0 0 7 0 0 0 0 0
fl=/build/buildd/eglibc-2.19/elf/dl-hwcaps.c
fn=_dl_important_hwcaps
39 12 1 1 0 0 0 10 1 1
41 1 0 0 1 0 0 0 0 0
42 4 0 0 0 0 0 1 0 0
51 3 1 1 1 0 0 0 0 0
61 4 1 1 1 0 0 1 0 0
92 2 1 1 0 0 0 0 0 0
113 1 1 1 0 0 0 0 0 0
115 5 0 0 0 0 0 1 0 0
130 6 0 0 0 0 0 0 0 0
131 2 0 0 0 0 0 0 0 0
133 2 0 0 0 0 0 0 0 0
145 2 1 1 0 0 0 0 0 0
162 2 1 1 0 0 0 0 0 0
170 2 1 1 1 0 0 0 0 0
172 4 0 0 1 0 0 1 0 0
173 4 1 1 1 0 0 1 0 0
177 3 0 0 0 0 0 1 0 0
178 1 0 0 0 0 0 1 0 0
181 2 0 0 0 0 0 0 0 0
184 2 0 0 0 0 0 0 0 0
188 12 1 1 2 0 0 3 0 0
189 2 0 0 0 0 0 0 0 0
207 12 2 2 1 0 0 6 0 0
208 5 0 0 0 0 0 1 0 0
209 4 0 0 2 0 0 0 0 0
238 3 0 0 0 0 0 2 0 0
241 2 0 0 0 0 0 0 0 0
243 5 2 2 2 0 0 2 0 0
244 7 0 0 2 0 0 4 0 0
269 19 2 2 3 0 0 0 0 0
270 8 0 0 0 0 0 4 0 0
274 12 0 0 0 0 0 0 0 0
277 28 0 0 0 0 0 0 0 0
278 24 1 1 0 0 0 0 0 0
279 12 0 0 8 0 0 0 0 0
281 4 0 0 0 0 0 0 0 0
284 3 0 0 1 0 0 0 0 0
285 1 0 0 0 0 0 0 0 0
286 12 2 2 3 0 0 0 0 0
299 6 0 0 2 0 0 2 0 0
300 2 0 0 0 0 0 0 0 0
302 4 0 0 0 0 0 0 0 0
305 3 0 0 2 0 0 1 0 0
307 1 0 0 0 0 0 0 0 0
308 8 0 0 7 0 0 0 0 0
fl=/build/buildd/eglibc-2.19/elf/dl-init.c
fn=_dl_init
36 47 2 2 8 0 0 7 0 0
86 11 2 2 0 0 0 6 0 0
87 1 0 0 1 1 0 0 0 0
88 1 0 0 1 0 0 0 0 0
91 3 0 0 1 0 0 0 0 0
94 2 0 0 0 0 0 1 0 0
98 4 0 0 1 0 0 0 0 0
125 24 0 0 0 0 0 0 0 0
126 21 0 0 14 0 0 0 0 0
132 8 0 0 7 0 0 0 0 0
fn=call_init.part.0
34 63 0 0 0 0 0 35 1 0
42 21 1 1 7 0 0 7 0 0
45 28 0 0 14 6 0 0 0 0
46 3 0 0 0 0 0 0 0 0
50 18 0 0 6 5 0 0 0 0
51 2 0 0 1 1 0 0 0 0
55 10 0 0 5 0 0 0 0 0
63 10 0 0 0 0 0 0 0 0
64 30 0 0 10 5 0 5 0 0
67 5 1 1 5 5 0 0 0 0
68 10 0 0 0 0 0 0 0 0
74 15 0 0 10 3 0 0 0 0
76 10 0 0 10 0 0 0 0 0
77 53 1 1 0 0 0 0 0 0
78 70 0 0 14 3 0 14 0 0
80 42 0 0 42 0 0 0 0 0
fl=/build/buildd/eglibc-2.19/elf/dl-load.c
fn=_dl_init_paths
714 9 1 1 0 0 0 6 0 0
727 6 1 1 2 0 0 2 0 0
731 1 0 0 0 0 0 1 0 0
732 3 0 0 0 0 0 1 0 0
733 2 0 0 0 0 0 0 0 0
740 5 1 1 0 0 0 0 0 0
741 5 0 0 1 0 0 2 0 0
744 1 0 0 0 0 0 1 0 0
745 2 0 0 0 0 0 1 0 0
747 3 0 0 1 0 0 0 0 0
753 1 0 0 0 0 0 1 0 0
754 1 0 0 0 0 0 1 0 0
762 13 0 0 0 0 0 3 1 1
764 8 1 1 0 0 0 4 0 0
765 7 1 1 0 0 0 4 3 3
767 8 0 0 0 0 0 4 0 0
768 14 0 0 3 1 1 4 1 1
769 33 0 0 4 0 0 13 0 0
772 9 1 1 3 1 1 0 0 0
776 27 1 1 15 0 0 5 0 0
782 1 1 1 0 0 0 1 1 1
783 1 0 0 0 0 0 1 0 0
787 1 1 1 1 0 0 0 0 0
788 2 0 0 0 0 0 0 0 0
790 4 0 0 1 0 0 0 0 0
792 3 0 0 1 0 0 0 0 0
809 1 0 0 0 0 0 1 0 0
811 3 1 1 1 0 0 0 0 0
825 2 1 1 0 0 0 1 0 0
830 4 2 2 1 0 0 0 0 0
838 5 0 0 0 0 0 1 0 0
840 11 1 1 0 0 0 2 0 0
856 2 0 0 0 0 0 0 0 0
857 46 1 1 15 0 0 0 0 0
859 14 0 0 0 0 0 0 0 0
860 42 0 0 0 0 0 0 0 0
861 14 0 0 0 0 0 0 0 0
864 1 0 0 0 0 0 1 0 0
865 1 0 0 0 0 0 1 0 0
866 2 0 0 0 0 0 0 0 0
872 8 0 0 1 0 0 2 0 0
876 3 1 1 2 0 0 0 0 0
882 1 0 0 0 0 0 1 0 0
886 8 0 0 7 0 0 0 0 0
fn=_dl_map_object
161 16 0 0 0 0 0 8 0 0
162 8 0 0 0 0 0 4 0 0
164 12 0 0 4 0 0 0 0 0
167 16 1 1 4 0 0 4 0 0
691 42 1 1 14 0 0 0 0 0
694 10 0 0 0 0 0 2 0 0
2317 100 2 2 0 0 0 80 2 2
2324 20 0 0 0 0 0 0 0 0
2325 20 0 0 10 1 1 0 0 0
2328 192 1 1 44 0 0 0 0 0
2333 117 0 0 39 0 0 0 0 0
2334 78 0 0 0 0 0 0 0 0
2336 200 0 0 0 0 0 39 0 0
2340 68 0 0 34 0 0 0 0 0
2341 102 1 1 34 0 0 0 0 0
2344 17 0 0 17 0 0 0 0 0
2345 34 0 0 34 0 0 0 0 0
2346 68 1 1 0 0 0 17 0 0
2362 10 1 1 5 0 0 0 0 0
2372 30 1 1 5 0 0 5 0 0
2396 5 0 0 0 0 0 5 1 1
2398 25 0 0 0 0 0 5 0 0
2402 16 1 1 0 0 0 8 0 0
2404 8 0 0 4 0 0 0 0 0
2411 16 1 1 4 0 0 0 0 0
2415 8 1 1 4 0 0 4 0 0
2416 12 0 0 0 0 0 4 0 0
2420 18 1 1 6 0 0 0 0 0
2421 9 0 0 1 0 0 0 0 0
2423 44 1 1 0 0 0 16 0 0
2435 16 1 1 12 0 0 0 0 0
2436 28 1 1 8 0 0 0 0 0
2437 4 1 1 0 0 0 0 0 0
2446 13 0 0 4 0 0 1 0 0
2447 72 1 1 8 0 0 16 0 0
2453 24 0 0 0 0 0 8 0 0
2454 6 1 1 0 0 0 0 0 0
2456 8 1 1 4 0 0 4 0 0
2462 16 0 0 0 0 0 4 0 0
2464 12 0 0 4 0 0 0 0 0
2468 12 0 0 0 0 0 8 0 0
2470 8 0 0 0 0 0 0 0 0
2474 12 1 1 4 0 0 0 0 0
2482 8 0 0 4 0 0 0 0 0
2504 36 1 1 8 0 0 4 0 0
2507 12 0 0 0 0 0 4 0 0
2509 4 0 0 0 0 0 4 0 0
2510 12 0 0 4 0 0 0 0 0
2530 8 1 1 4 0 0 0 0 0
2536 1 0 0 0 0 0 1 0 0
2538 6 0 0 0 0 0 1 0 0
2539 3 1 1 0 0 0 0 0 0
2540 1 0 0 0 0 0 0 0 0
2543 7 0 0 0 0 0 1 0 0
2546 2 0 0 0 0 0 0 0 0
2558 20 0 0 5 0 0 0 0 0
2560 10 1 1 0 0 0 0 0 0
2604 10 0 0 5 0 0 5 0 0
2605 60 1 1 10 0 0 20 0 0
2607 80 0 0 70 0 0 0 0 0
fn=_dl_map_object_from_fd
474 8 1 1 4 0 0 0 0 0
923 75 1 1 0 0 0 50 2 2
934 20 1 1 5 0 0 10 1 1
935 5 0 0 0 0 0 5 0 0
938 30 0 0 0 0 0 5 0 0
949 95 1 1 30 0 0 0 0 0
950 95 0 0 50 1 1 0 0 0
967 10 1 1 5 0 0 0 0 0
992 10 0 0 5 0 0 0 0 0
1002 10 1 1 5 0 0 0 0 0
1024 20 0 0 10 0 0 0 0 0
1056 10 0 0 0 0 0 0 0 0
1059 40 1 1 20 0 0 5 0 0
1060 10 0 0 0 0 0 0 0 0
1071 15 0 0 10 0 0 5 3 3
1072 15 0 0 10 0 0 5 0 0
1073 10 1 1 5 0 0 5 0 0
1075 25 0 0 0 0 0 0 0 0
1076 20 0 0 10 0 0 0 0 0
1077 5 0 0 0 0 0 0 0 0
1092 5 1 1 0 0 0 5 0 0
1101 60 1 1 10 0 0 15 0 0
1102 5 0 0 0 0 0 0 0 0
1103 5 0 0 0 0 0 0 0 0
1109 335 0 0 0 0 0 0 0 0
1110 321 2 2 40 0 0 0 0 0
1116 10 0 0 5 0 0 5 0 0
1117 15 0 0 5 0 0 5 0 0
1118 5 0 0 0 0 0 0 0 0
1121 4 0 0 2 0 0 2 0 0
1122 2 0 0 0 0 0 0 0 0
1127 50 2 2 20 0 0 0 0 0
1133 60 0 0 20 0 0 0 0 0
1134 10 0 0 0 0 0 0 0 0
1141 50 0 0 10 0 0 0 0 0
1142 40 0 0 0 0 0 10 4 4
1143 30 0 0 10 0 0 0 0 0
1144 20 0 0 0 0 0 10 1 1
1145 10 0 0 0 0 0 10 0 0
1146 20 1 1 10 0 0 10 1 1
1147 20 0 0 0 0 0 10 0 0
1151 20 0 0 0 0 0 0 0 0
1152 15 0 0 5 0 0 0 0 0
1157 70 1 1 10 0 0 10 2 2
1167 10 0 0 0 0 0 0 0 0
1170 6 0 0 2 0 0 0 0 0
1174 2 0 0 0 0 0 2 2 2
1175 4 1 1 2 0 0 2 0 0
1176 4 0 0 0 0 0 0 0 0
1177 2 0 0 0 0 0 0 0 0
1179 6 0 0 2 0 0 2 0 0
1180 4 0 0 2 0 0 2 1 1
1183 4 0 0 2 0 0 2 0 0
1187 8 0 0 2 0 0 0 0 0
1193 6 0 0 2 0 0 4 2 2
1194 2 0 0 0 0 0 0 0 0
1198 20 0 0 5 0 0 5 0 0
1206 25 0 0 0 0 0 0 0 0
1250 10 1 1 5 0 0 5 0 0
1251 20 0 0 0 0 0 0 0 0
1254 8 1 1 4 0 0 4 0 0
1255 12 0 0 8 0 0 4 0 0
1256 4 0 0 0 0 0 0 0 0
1259 15 0 0 0 0 0 0 0 0
1272 40 1 1 25 0 0 5 0 0
1274 10 0 0 5 0 0 0 0 0
1288 5 0 0 5 0 0 0 0 0
1293 35 1 1 20 0 0 10 2 2
1297 10 0 0 0 0 0 0 0 0
1304 15 0 0 5 0 0 5 0 0
1305 15 1 1 10 0 0 5 0 0
1307 10 0 0 0 0 0 0 0 0
1313 30 0 0 5 0 0 5 0 0
1314 5 1 1 5 0 0 0 0 0
1317 5 0 0 5 0 0 0 0 0
1319 5 0 0 5 0 0 0 0 0
1340 50 0 0 10 0 0 0 0 0
1342 20 1 1 10 0 0 0 0 0
1344 50 0 0 20 0 0 5 0 0
1352 30 0 0 10 0 0 0 0 0
1353 15 1 1 10 0 0 5 0 0
1355 20 0 0 10 1 1 0 0 0
1356 15 1 1 9 0 0 0 0 0
1357 18 0 0 6 0 0 0 0 0
1358 15 1 1 3 0 0 0 0 0
1360 12 0 0 0 0 0 3 0 0
1363 40 0 0 20 0 0 0 0 0
1369 10 0 0 5 0 0 0 0 0
1370 5 0 0 0 0 0 0 0 0
1371 25 0 0 5 0 0 0 0 0
1372 10 1 1 0 0 0 0 0 0
1379 10 0 0 0 0 0 0 0 0
1382 10 0 0 0 0 0 0 0 0
1393 35 0 0 0 0 0 15 0 0
1394 25 0 0 15 0 0 0 0 0
1399 10 0 0 0 0 0 0 0 0
1403 16 0 0 2 0 0 2 0 0
1406 4 0 0 0 0 0 0 0 0
1414 10 1 1 0 0 0 0 0 0
1418 20 1 1 10 0 0 0 0 0
1427 15 0 0 5 0 0 5 0 0
1433 10 0 0 0 0 0 0 0 0
1449 15 1 1 5 0 0 0 0 0
1468 10 0 0 5 0 0 5 0 0
1470 25 0 0 10 0 0 0 0 0
1525 15 0 0 5 3 3 0 0 0
1526 4 0 0 2 0 0 2 0 0
1529 20 1 1 5 0 0 5 0 0
1537 35 1 1 5 0 0 0 0 0
1540 20 1 1 10 0 0 5 0 0
1542 10 0 0 5 0 0 0 0 0
1558 10 0 0 0 0 0 5 0 0
1562 10 0 0 5 0 0 0 0 0
1563 10 0 0 5 0 0 0 0 0
1580 10 1 1 5 0 0 0 0 0
1581 1 0 0 0 0 0 1 0 0
1584 10 0 0 5 0 0 5 0 0
1585 10 0 0 5 0 0 5 0 0
1589 10 0 0 5 0 0 0 0 0
1599 15 1 1 5 0 0 5 0 0
1603 20 0 0 5 0 0 0 0 0
1623 40 0 0 35 0 0 0 0 0
fn=cache_rpath.part.5
686 18 1 1 0 0 0 12 0 0
697 8 1 1 2 0 0 0 0 0
700 2 1 1 0 0 0 2 0 0
708 16 0 0 14 0 0 0 0 0
fn=expand_dynamic_string_token
161 6 0 0 0 0 0 2 0 0
162 4 1 1 0 0 0 2 0 0
164 4 0 0 0 0 0 0 0 0
167 8 0 0 0 0 0 0 0 0
415 16 1 1 0 0 0 10 0 0
425 10 0 0 0 0 0 2 0 0
440 10 0 0 10 0 0 0 0 0
fn=fillin_rpath
486 17 1 1 0 0 0 12 0 0
488 1 0 0 0 0 0 0 0 0
491 7 1 1 0 0 0 2 0 0
495 5 0 0 1 0 0 1 0 0
497 3 0 0 0 0 0 1 0 0
501 2 0 0 0 0 0 0 0 0
508 8 2 2 1 0 0 0 0 0
513 2 0 0 0 0 0 1 0 0
516 5 0 0 1 0 0 0 0 0
523 18 1 1 5 0 0 1 0 0
524 8 0 0 4 0 0 0 0 0
542 4 2 2 1 0 0 1 0 0
545 2 0 0 0 0 0 1 0 0
546 4 1 1 2 0 0 1 0 0
547 4 0 0 0 0 0 2 0 0
548 4 1 1 2 0 0 0 0 0
552 1 0 0 0 0 0 1 1 1
553 1 0 0 0 0 0 0 0 0
554 5 0 0 0 0 0 3 0 0
555 1 0 0 0 0 0 1 0 0
557 3 0 0 2 0 0 0 0 0
563 4 1 1 1 0 0 0 0 0
564 14 0 0 0 0 0 0 0 0
565 10 1 1 0 0 0 2 0 0
567 2 0 0 1 0 0 1 0 0
568 2 0 0 1 0 0 0 0 0
573 2 1 1 0 0 0 1 0 0
575 2 1 1 1 0 0 1 0 0
576 1 0 0 0 0 0 1 0 0
579 3 0 0 0 0 0 1 0 0
581 4 1 1 2 0 0 1 0 0
585 1 0 0 0 0 0 1 0 0
588 9 0 0 7 0 0 0 0 0
fn=open_path
2168 56 2 2 0 0 0 48 0 0
2169 8 0 0 4 0 0 4 0 0
2172 4 0 0 0 0 0 4 0 0
2173 4 1 1 0 0 0 4 0 0
2175 8 0 0 0 0 0 0 0 0
2180 32 0 0 8 0 0 0 0 0
2183 4 0 0 4 0 0 0 0 0
2187 8 0 0 0 0 0 0 0 0
2192 8 0 0 4 0 0 0 0 0
2199 20 0 0 8 0 0 8 3 3
2200 76 1 1 7 0 0 0 0 0
2203 32 1 1 16 0 0 0 0 0
2207 91 1 1 42 0 0 14 0 0
2210 7 0 0 0 0 0 0 0 0
2213 14 0 0 7 0 0 0 0 0
2216 49 1 1 28 0 0 7 0 0
2218 21 0 0 7 0 0 0 0 0
2220 8 0 0 0 0 0 0 0 0
2225 8 1 1 4 0 0 0 0 0
2226 36 0 0 16 0 0 0 0 0
2232 32 1 1 8 0 0 8 0 0
2234 24 1 1 4 0 0 4 0 0
2235 2 0 0 1 0 0 0 0 0
2237 21 1 1 4 0 0 4 0 0
2244 20 0 0 0 0 0 0 0 0
2246 9 0 0 0 0 0 0 0 0
2254 8 0 0 0 0 0 4 0 0
2282 4 0 0 0 0 0 0 0 0
2285 20 0 0 4 0 0 0 0 0
2290 4 1 1 4 0 0 0 0 0
2292 16 0 0 12 0 0 0 0 0
2295 12 0 0 4 0 0 0 0 0
2309 35 1 1 28 0 0 0 0 0
fn=open_verify
1873 12 2 2 0 0 0 8 1 1
1909 3 0 0 1 0 0 0 0 0
1930 5 0 0 1 0 0 2 0 0
1931 2 0 0 0 0 0 0 0 0
1941 1 1 1 0 0 0 1 0 0
1942 2 0 0 0 0 0 1 1 1
1947 6 0 0 1 0 0 1 0 0
1949 2 0 0 0 0 0 0 0 0
1951 3 0 0 1 0 0 1 0 0
1953 2 0 0 0 0 0 0 0 0
1959 2 1 1 0 0 0 0 0 0
1975 11 0 0 0 0 0 1 0 0
1977 1 0 0 1 0 0 0 0 0
1979 4 1 1 0 0 0 1 0 0
2006 3 1 1 2 0 0 0 0 0
2050 2 0 0 1 0 0 0 0 0
2055 2 0 0 1 0 0 0 0 0
2058 4 0 0 1 0 0 0 0 0
2063 2 1 1 1 1 1 0 0 0
2070 5 0 0 1 0 0 0 0 0
2071 4 0 0 1 0 0 0 0 0
2072 1 0 0 0 0 0 0 0 0
2087 61 0 0 0 0 0 0 0 0
2089 19 1 1 9 5 5 0 0 0
2093 4 1 1 2 0 0 0 0 0
2094 2 0 0 0 0 0 0 0 0
2103 6 1 1 0 0 0 1 0 0
2106 1 0 0 0 0 0 0 0 0
2107 3 0 0 1 0 0 0 0 0
2108 3 0 0 1 0 0 0 0 0
2110 3 0 0 0 0 0 0 0 0
2154 8 0 0 7 0 0 0 0 0
fn=open_verify.constprop.6
1871 121 2 2 0 0 0 77 3 3
1909 33 0 0 11 0 0 0 0 0
1930 55 0 0 11 0 0 22 0 0
1931 22 0 0 0 0 0 0 0 0
1941 4 0 0 0 0 0 4 0 0
1942 8 0 0 0 0 0 4 0 0
1947 24 1 1 4 0 0 4 0 0
1949 8 0 0 0 0 0 0 0 0
1951 12 0 0 4 0 0 4 0 0
1953 8 0 0 0 0 0 0 0 0
1959 8 0 0 0 0 0 0 0 0
1975 44 1 1 0 0 0 4 0 0
1977 4 0 0 4 0 0 0 0 0
1979 16 0 0 0 0 0 4 0 0
2005 4 1 1 2 0 0 0 0 0
2050 8 1 1 4 0 0 0 0 0
2055 8 0 0 4 0 0 0 0 0
2058 16 0 0 4 0 0 0 0 0
2063 8 0 0 4 0 0 0 0 0
2070 28 1 1 4 0 0 0 0 0
2071 16 0 0 4 0 0 0 0 0
2072 4 0 0 0 0 0 0 0 0
2087 214 0 0 2 0 0 0 0 0
2089 72 1 1 34 0 0 0 0 0
2093 16 1 1 8 0 0 0 0 0
2094 8 0 0 0 0 0 0 0 0
2103 36 1 1 0 0 0 6 0 0
2106 4 0 0 0 0 0 0 0 0
2107 12 0 0 4 0 0 0 0 0
2108 12 0 0 4 0 0 0 0 0
2110 12 0 0 0 0 0 0 0 0
2115 2 0 0 0 0 0 0 0 0
2116 2 0 0 0 0 0 0 0 0
2119 4 0 0 0 0 0 0 0 0
2122 6 0 0 2 0 0 0 0 0
2123 10 0 0 2 0 0 0 0 0
2124 4 0 0 2 0 0 0 0 0
2125 6 0 0 2 0 0 0 0 0
2126 12 0 0 4 0 0 0 0 0
2131 7 1 1 0 0 0 0 0 0
2154 88 1 1 77 0 0 0 0 0
fl=/build/buildd/eglibc-2.19/elf/dl-lookup.c
fn=_dl_lookup_symbol_x
475 2588 0 0 0 0 0 0 0 0
476 207488 2 2 51225 1291 1093 1294 0 0
477 199724 0 0 0 0 0 0 0 0
714 18116 1 1 0 0 0 10352 4 0
716 2588 0 0 0 0 0 1294 0 0
717 2588 0 0 0 0 0 2588 1 0
720 1294 0 0 1294 1 0 0 0 0
724 5134 1 1 1273 0 0 0 0 0
728 2588 0 0 0 0 0 1294 0 0
729 2588 0 0 1294 0 0 0 0 0
731 2588 0 0 2588 5 0 0 0 0
735 10432 1 1 20 0 0 2588 0 0
737 16822 1 1 7764 0 0 9058 3 0
740 2588 0 0 0 0 0 0 0 0
743 20 0 0 0 0 0 0 0 0
766 2588 1 1 1294 0 0 0 0 0
768 140 1 1 40 0 0 0 0 0
784 20 0 0 0 0 0 20 0 0
785 40 1 1 0 0 0 0 0 0
788 1274 0 0 1274 0 0 0 0 0
789 8918 0 0 2548 0 0 0 0 0
815 1274 0 0 0 0 0 0 0 0
824 6370 0 0 1274 0 0 0 0 0
838 3822 1 1 1274 5 1 0 0 0
839 2 1 1 0 0 0 1 0 0
841 5096 0 0 2548 0 0 0 0 0
846 1274 0 0 0 0 0 1274 0 0
848 10352 0 0 9058 0 0 0 0 0
fn=_dl_setup_hash
859 21 1 1 7 0 0 0 0 0
863 7 0 0 7 0 0 0 0 0
867 14 0 0 7 7 7 7 1 1
868 7 0 0 7 0 0 0 0 0
869 7 0 0 7 2 2 0 0 0
871 21 1 1 0 0 0 0 0 0
872 7 0 0 0 0 0 7 0 0
873 21 0 0 7 0 0 7 0 0
875 7 0 0 0 0 0 7 0 0
876 14 0 0 0 0 0 0 0 0
878 7 0 0 0 0 0 7 0 0
879 7 0 0 0 0 0 0 0 0
880 28 1 1 0 0 0 7 0 0
881 7 0 0 7 0 0 0 0 0
fn=check_match.9458
131 8918 1 1 0 0 0 5096 1 0
132 2548 1 1 1274 33 18 0 0 0
134 5096 0 0 2548 158 126 0 0 0
136 3822 0 0 1274 0 0 0 0 0
146 3822 0 0 1274 0 0 1274 8 0
149 2764 0 0 1382 0 0 36 0 0
153 2548 0 0 2548 0 0 0 0 0
154 3822 1 1 1274 0 0 0 0 0
156 2546 0 0 0 0 0 0 0 0
175 2546 0 0 2546 25 8 0 0 0
176 10184 1 1 3819 7 0 0 0 0
177 6365 1 1 2546 4 0 1273 1 0
204 2 1 1 0 0 0 0 0 0
206 6 0 0 2 1 0 0 0 0
207 4 0 0 1 0 0 0 0 0
222 8918 0 0 6370 0 0 0 0 0
fn=do_lookup_x
77 10352 1 1 3882 0 0 6470 0 0
82 15528 2 2 2588 0 0 9058 4 0
83 1294 0 0 1294 1 0 0 0 0
89 1294 0 0 1294 0 0 0 0 0
95 4087 0 0 0 0 0 4087 0 0
96 4087 0 0 0 0 0 4087 0 0
98 12261 1 1 8174 22 0 4087 0 0
101 8174 0 0 0 0 0 0 0 0
105 8180 0 0 4090 0 0 0 0 0
109 8172 0 0 4086 17 0 0 0 0
113 8172 0 0 4086 1 0 0 0 0
119 12258 1 1 4086 10 0 0 0 0
123 8172 0 0 8172 40 0 0 0 0
124 12258 0 0 8172 5 0 4086 0 0
225 4086 0 0 4086 0 0 0 0 0
226 8172 0 0 0 0 0 0 0 0
228 4086 0 0 4086 577 106 0 0 0
229 2588 0 0 0 0 0 0 0 0
230 8172 0 0 4086 0 0 0 0 0
232 5176 0 0 0 0 0 0 0 0
233 16344 1 1 4086 0 0 0 0 0
236 16344 0 0 0 0 0 0 0 0
237 12258 0 0 0 0 0 0 0 0
239 2654 0 0 2654 497 117 0 0 0
240 5308 1 1 0 0 0 0 0 0
241 2654 0 0 0 0 0 0 0 0
243 3978 0 0 1326 0 0 0 0 0
246 18040 1 1 3608 1040 299 0 0 0
248 10192 1 1 2548 0 0 2548 0 0
249 10192 0 0 0 0 0 6370 2 0
250 6370 0 0 3822 0 0 0 0 0
253 7002 0 0 0 0 0 0 0 0
257 2812 0 0 0 0 0 2812 0 0
281 5624 0 0 2812 0 0 0 0 0
286 6572 0 0 1274 0 0 0 0 0
290 5088 1 1 880 2 0 1224 0 0
303 2548 0 0 1274 0 0 1274 0 0
304 2548 0 0 1274 0 0 1274 0 0
305 1274 1 1 0 0 0 0 0 0
316 650 1 1 50 0 0 0 0 0
317 720 1 1 50 0 0 0 0 0
318 1221 1 1 204 58 57 0 0 0
320 168 0 0 0 0 0 0 0 0
321 168 0 0 0 0 0 0 0 0
322 106 0 0 0 0 0 0 0 0
325 120 0 0 0 0 0 120 0 0
326 120 1 1 0 0 0 120 0 0
327 170 0 0 50 0 0 120 0 0
328 212 0 0 0 0 0 120 0 0
331 350 1 1 50 0 0 50 0 0
332 50 0 0 50 0 0 0 0 0
334 100 0 0 50 2 0 50 0 0
336 100 0 0 50 0 0 50 0 0
337 50 0 0 50 0 0 0 0 0
338 100 0 0 0 0 0 0 0 0
340 196 1 1 0 0 0 0 0 0
341 637 0 0 0 0 0 49 0 0
344 975 1 1 345 39 27 0 0 0
345 98 0 0 49 0 0 49 0 0
364 326 0 0 0 0 0 0 0 0
368 258 0 0 0 0 0 0 0 0
369 138 0 0 0 0 0 0 0 0
372 441 1 1 98 0 0 49 0 0
377 6 0 0 2 2 0 0 0 0
379 8 0 0 0 0 0 2 0 0
380 8 1 1 0 0 0 2 0 0
382 6 0 0 0 0 0 0 0 0
389 204 1 1 2 0 0 2 0 0
390 276 0 0 92 18 2 0 0 0
391 210 0 0 210 0 0 0 0 0
395 6 0 0 6 2 0 2 0 0
396 2 0 0 0 0 0 2 0 0
398 2 0 0 0 0 0 2 0 0
399 6 0 0 2 2 0 4 0 0
406 3 1 1 1 1 0 0 0 0
415 2 0 0 0 0 0 0 0 0
424 1 0 0 0 0 0 0 0 0
425 5 0 0 0 0 0 2 0 0
426 2 1 1 0 0 0 0 0 0
429 2 0 0 1 0 0 1 0 0
430 2 0 0 0 0 0 1 0 0
431 4 0 0 1 1 0 2 1 0
434 100 0 0 50 0 0 0 0 0
435 150 1 1 150 0 0 0 0 0
439 50 0 0 50 0 0 0 0 0
442 200 0 0 50 0 0 0 0 0
447 100 1 1 100 0 0 0 0 0
449 150 0 0 100 0 0 50 0 0
451 50 0 0 0 0 0 0 0 0
461 16443 1 1 5481 4 0 0 0 0
462 968 0 0 352 0 0 352 0 0
465 8439 1 1 0 0 0 0 0 0
468 40 0 0 0 0 0 0 0 0
469 10402 0 0 9058 0 0 50 0 0
fl=/build/buildd/eglibc-2.19/elf/dl-minimal.c
fn=__libc_memalign
51 160 1 1 0 0 0 80 1 1
52 198 0 0 79 3 0 0 0 0
57 3 0 0 0 0 0 1 0 0
58 3 1 1 1 0 0 0 0 0
59 1 0 0 0 0 0 0 0 0
63 120 1 1 0 0 0 40 0 0
64 40 0 0 0 0 0 0 0 0
66 260 0 0 0 0 0 0 0 0
70 20 0 0 5 0 0 0 0 0
71 15 1 1 0 0 0 0 0 0
77 35 0 0 0 0 0 5 0 0
79 25 0 0 10 0 0 0 0 0
83 15 0 0 0 0 0 5 0 0
86 40 0 0 0 0 0 40 0 0
87 40 0 0 0 0 0 40 0 0
89 305 0 0 120 0 0 0 0 0
fn=calloc
102 17 1 1 0 0 0 0 0 0
106 17 0 0 0 0 0 0 0 0
109 85 0 0 0 0 0 0 0 0
113 17 0 0 0 0 0 0 0 0
fn=free
119 6 0 0 0 0 0 3 0 0
121 6 2 1 3 0 0 0 0 0
128 6 0 0 6 0 0 0 0 0
fn=malloc
93 39 1 1 0 0 0 0 0 0
94 78 0 0 0 0 0 0 0 0
fn=strsep
338 8 1 1 4 0 0 0 0 0
340 4 0 0 4 0 0 0 0 0
341 8 0 0 0 0 0 0 0 0
345 317 1 1 63 0 0 0 0 0
350 244 0 0 122 0 0 0 0 0
352 366 0 0 122 0 0 0 0 0
360 61 0 0 0 0 0 0 0 0
363 2 0 0 0 0 0 2 0 0
367 4 0 0 4 0 0 0 0 0
fl=/build/buildd/eglibc-2.19/elf/dl-misc.c
fn=_dl_higher_prime_number
344 2 0 0 0 0 0 0 0 0
345 4 0 0 0 0 0 0 0 0
347 20 0 0 0 0 0 0 0 0
349 74 1 1 0 0 0 0 0 0
350 37 0 0 10 2 1 0 0 0
351 3 0 0 0 0 0 0 0 0
365 2 0 0 2 0 0 0 0 0
366 2 0 0 2 0 0 0 0 0
fn=_dl_name_match_p
288 850 1 1 0 0 0 340 2 1
289 680 0 0 170 2 0 170 0 0
290 184 0 0 0 0 0 0 0 0
292 170 0 0 170 0 0 0 0 0
294 678 0 0 0 0 0 0 0 0
295 915 1 1 183 7 0 183 0 0
298 169 0 0 169 0 0 0 0 0
300 156 0 0 0 0 0 0 0 0
301 850 0 0 510 0 0 0 0 0
fn=_dl_sysdep_read_whole_file
45 7 2 2 0 0 0 4 0 0
46 1 0 0 0 0 0 0 0 0
52 4 0 0 0 0 0 1 0 0
53 2 0 0 0 0 0 0 0 0
55 6 0 0 0 0 0 1 0 0
57 2 0 0 1 0 0 1 1 1
60 2 0 0 0 0 0 0 0 0
62 8 1 1 0 0 0 1 0 0
73 2 0 0 0 0 0 1 0 0
76 7 0 0 5 0 0 0 0 0
fl=/build/buildd/eglibc-2.19/elf/dl-object.c
fn=_dl_add_to_namespace_list
32 30 1 1 0 0 0 12 0 0
34 12 0 0 6 0 0 6 0 0
36 43 1 1 6 0 0 0 0 0
39 60 0 0 20 0 0 0 0 0
40 15 0 0 0 0 0 0 0 0
41 5 0 0 0 0 0 5 0 0
43 5 0 0 0 0 0 5 0 0
46 2 0 0 0 0 0 1 0 0
47 18 0 0 6 0 0 0 0 0
48 12 0 0 6 0 0 6 0 0
49 12 0 0 0 0 0 6 0 0
51 18 0 0 6 0 0 0 0 0
52 18 0 0 12 0 0 0 0 0
fn=_dl_new_object
61 84 2 2 0 0 0 60 1 1
62 30 0 0 0 0 0 6 1 1
68 72 1 1 12 0 0 0 0 0
75 30 0 0 0 0 0 12 0 0
78 12 0 0 0 0 0 0 0 0
81 6 0 0 0 0 0 6 6 6
82 12 0 0 0 0 0 6 6 6
86 12 0 0 0 0 0 6 1 1
87 30 1 1 12 0 0 12 3 3
89 6 0 0 0 0 0 6 0 0
97 30 0 0 12 0 0 6 0 0
98 36 1 1 12 6 6 6 0 0
101 12 0 0 6 0 0 0 0 0
102 13 1 1 0 0 0 6 6 6
103 6 0 0 0 0 0 6 0 0
107 6 0 0 0 0 0 6 0 0
110 49 1 1 0 0 0 0 0 0
112 32 0 0 0 0 0 16 5 5
122 12 0 0 0 0 0 6 1 1
123 6 0 0 0 0 0 6 6 6
126 6 0 0 0 0 0 0 0 0
128 36 1 1 6 0 0 0 0 0
130 15 0 0 0 0 0 5 2 2
133 13 0 0 0 0 0 0 0 0
137 21 0 0 7 0 0 0 0 0
138 2 0 0 0 0 0 0 0 0
141 33 0 0 5 0 0 0 0 0
143 1 1 1 0 0 0 0 0 0
149 1 0 0 0 0 0 1 1 1
152 12 0 0 0 0 0 6 2 2
155 30 0 0 12 0 0 0 0 0
157 25 0 0 5 0 0 10 0 0
161 25 1 1 0 0 0 0 0 0
165 15 2 2 0 0 0 5 0 0
166 20 0 0 0 0 0 0 0 0
211 20 0 0 10 0 0 5 0 0
216 163 0 0 0 0 0 0 0 0
217 178 0 0 84 0 0 0 0 0
222 10 0 0 0 0 0 5 0 0
225 10 1 1 0 0 0 5 0 0
229 48 1 1 42 0 0 0 0 0
fl=/build/buildd/eglibc-2.19/elf/dl-profstub.c
fn=_dl_mcount_wrapper_check
38 384 2 2 256 0 0 0 0 0
39 128 0 0 128 0 0 0 0 0
fl=/build/buildd/eglibc-2.19/elf/dl-reloc.c
fn=_dl_relocate_object
154 84 1 1 0 0 0 56 0 0
161 7 0 0 0 0 0 7 0 0
164 14 0 0 0 0 0 0 0 0
165 35 1 1 0 0 0 21 0 0
169 14 0 0 0 0 0 0 0 0
170 28 1 1 14 2 0 0 0 0
176 14 0 0 7 0 0 0 0 0
182 21 0 0 7 0 0 0 0 0
183 14 1 1 7 6 0 0 0 0
186 14 1 1 7 0 0 0 0 0
193 14 0 0 7 1 0 0 0 0
238 21 0 0 14 0 0 7 0 0
264 414 3 3 146 23 1 95 0 0
267 21 1 1 7 0 0 0 0 0
295 7 0 0 7 0 0 0 0 0
298 14 0 0 7 0 0 0 0 0
315 21 0 0 7 3 0 0 0 0
317 56 0 0 49 2 0 0 0 0
323 24 1 1 12 0 0 0 0 0
324 12 0 0 6 0 0 0 0 0
325 12 0 0 0 0 0 0 0 0
328 12 0 0 0 0 0 0 0 0
329 30 1 1 0 0 0 6 0 0
fl=/build/buildd/eglibc-2.19/elf/dl-tls.c
fn=_dl_add_to_slotinfo
831 8 1 1 0 0 0 6 0 0
837 4 1 1 2 0 0 0 0 0
840 2 0 0 2 2 0 0 0 0
845 10 0 0 2 2 0 0 0 0
886 2 0 0 0 0 0 2 2 0
887 6 1 1 2 2 0 2 0 0
888 8 0 0 8 0 0 0 0 0
fn=_dl_allocate_tls_init
376 8 1 1 0 0 0 7 0 0
377 2 0 0 0 0 0 0 0 0
381 3 0 0 2 1 0 1 0 0
383 1 0 0 0 0 0 0 0 0
384 1 0 0 0 0 0 0 0 0
389 3 0 0 1 0 0 1 0 0
394 17 1 1 2 0 0 0 0 0
400 11 0 0 0 0 0 0 0 0
403 2 1 1 2 0 0 0 0 0
404 4 0 0 0 0 0 0 0 0
410 6 0 0 2 0 0 0 0 0
412 4 0 0 0 0 0 0 0 0
413 4 0 0 2 1 0 0 0 0
422 4 1 1 2 0 0 0 0 0
423 8 0 0 4 1 0 0 0 0
425 4 0 0 0 0 0 0 0 0
426 4 1 1 2 0 0 0 0 0
434 8 0 0 2 0 0 2 1 0
435 2 0 0 0 0 0 2 0 0
436 22 0 0 8 0 0 4 0 0
450 2 1 1 1 0 0 1 0 0
452 1 0 0 1 0 0 0 0 0
453 8 1 1 7 0 0 0 0 0
fn=_dl_allocate_tls_storage
295 2 0 0 1 0 0 0 0 0
296 3 1 1 0 0 0 1 0 0
297 2 0 0 0 0 0 0 0 0
300 1 0 0 0 0 0 1 1 1
306 2 0 0 0 0 0 1 0 0
328 3 1 1 0 0 0 3 0 0
330 1 0 0 1 0 0 0 0 0
341 4 0 0 1 0 0 1 0 0
342 2 0 0 0 0 0 0 0 0
349 1 0 0 0 0 0 0 0 0
353 306 1 1 0 0 0 288 36 36
370 5 0 0 4 0 0 0 0 0
fn=_dl_determine_tlsoffset
112 7 1 1 0 0 0 6 0 0
113 2 1 1 0 0 0 0 0 0
114 1 0 0 0 0 0 0 0 0
115 1 0 0 0 0 0 0 0 0
118 3 1 1 1 0 0 0 0 0
121 2 0 0 1 0 0 0 0 0
123 1 0 0 0 0 0 0 0 0
155 1 0 0 0 0 0 0 0 0
157 16 0 0 3 0 0 0 0 0
159 5 0 0 1 0 0 0 0 0
161 6 0 0 2 0 0 0 0 0
162 4 1 1 2 0 0 0 0 0
164 4 0 0 0 0 0 0 0 0
166 10 0 0 2 0 0 0 0 0
168 4 1 1 0 0 0 0 0 0
182 16 1 1 0 0 0 0 0 0
184 6 0 0 0 0 0 0 0 0
185 2 0 0 0 0 0 0 0 0
194 2 0 0 0 0 0 2 0 0
197 4 0 0 0 0 0 1 0 0
198 1 0 0 0 0 0 1 0 0
249 1 0 0 0 0 0 1 0 0
250 8 0 0 7 0 0 0 0 0
fn=_dl_next_tls_modid
50 2 1 1 0 0 0 0 0 0
53 6 0 0 4 0 0 0 0 0
101 4 0 0 0 0 0 2 0 0
105 4 0 0 2 0 0 0 0 0
fl=/build/buildd/eglibc-2.19/elf/dl-version.c
fn=_dl_check_all_versions
380 6 1 1 0 0 0 4 0 0
382 2 0 0 0 0 0 0 0 0
384 25 1 1 7 0 0 0 0 0
385 7 1 1 0 0 0 0 0 0
386 70 0 0 7 0 0 7 0 0
389 7 0 0 5 0 0 0 0 0
fn=_dl_check_map_versions
56 131 0 0 18 0 0 0 0 0
57 34 0 0 34 0 0 0 0 0
58 224 1 1 0 0 0 43 0 0
174 77 1 1 0 0 0 56 0 0
175 2 0 0 0 0 0 0 0 0
183 2 1 1 0 0 0 0 0 0
189 21 0 0 7 0 0 0 0 0
191 14 0 0 7 1 0 7 0 0
193 14 0 0 7 0 0 7 0 0
194 14 1 1 7 0 0 7 0 0
196 14 0 0 0 0 0 0 0 0
199 20 0 0 15 0 0 5 0 0
203 30 0 0 10 5 5 0 0 0
220 27 1 1 27 0 0 0 0 0
228 27 0 0 9 0 0 0 0 0
233 63 0 0 18 3 3 0 0 0
237 325 2 2 193 6 6 42 0 0
244 84 0 0 21 0 0 0 0 0
247 72 0 0 21 0 0 0 0 0
252 12 0 0 0 0 0 0 0 0
256 36 0 0 18 0 0 0 0 0
261 4 0 0 4 0 0 0 0 0
262 4 0 0 0 0 0 0 0 0
270 21 1 1 7 0 0 0 0 0
273 15 0 0 10 0 0 0 0 0
276 300 0 0 75 11 11 0 0 0
279 225 0 0 75 5 5 0 0 0
283 70 0 0 0 0 0 0 0 0
287 14 0 0 0 0 0 0 0 0
292 6 0 0 0 0 0 6 1 0
293 24 0 0 0 0 0 6 0 0
294 12 0 0 0 0 0 0 0 0
302 6 1 1 0 0 0 6 0 0
305 18 0 0 12 0 0 6 1 0
307 18 0 0 6 0 0 0 0 0
310 20 0 0 15 0 0 0 0 0
314 27 0 0 9 0 0 0 0 0
317 63 0 0 21 0 0 0 0 0
319 63 1 1 0 0 0 0 0 0
321 105 0 0 21 0 0 21 0 0
322 63 0 0 0 0 0 21 12 12
323 63 0 0 21 0 0 21 2 2
324 63 0 0 21 0 0 21 0 0
327 63 0 0 21 0 0 0 0 0
332 12 0 0 0 0 0 0 0 0
335 27 1 1 9 0 0 0 0 0
340 4 0 0 0 0 0 0 0 0
341 4 0 0 0 0 0 0 0 0
345 18 0 0 6 0 0 0 0 0
348 20 0 0 15 0 0 0 0 0
352 75 0 0 75 0 0 0 0 0
354 150 0 0 75 0 0 0 0 0
358 70 0 0 70 0 0 0 0 0
359 350 0 0 70 0 0 70 19 19
360 210 0 0 70 0 0 70 0 0
361 70 0 0 0 0 0 70 6 6
364 225 0 0 75 0 0 0 0 0
368 70 0 0 0 0 0 0 0 0
373 13 1 1 0 0 0 0 0 0
374 56 1 1 49 0 0 0 0 0
fn=match_symbol
76 273 1 1 0 0 0 168 0 0
77 42 0 0 42 0 0 0 0 0
85 42 1 1 21 0 0 0 0 0
91 63 0 0 21 0 0 0 0 0
106 21 0 0 21 1 0 0 0 0
107 42 0 0 0 0 0 0 0 0
109 21 0 0 21 0 0 0 0 0
114 326 0 0 163 15 14 0 0 0
128 326 1 1 163 5 5 0 0 0
130 21 1 1 21 0 0 0 0 0
133 126 0 0 21 0 0 21 0 0
140 426 0 0 142 5 5 0 0 0
144 142 0 0 0 0 0 0 0 0
168 168 0 0 147 0 0 0 0 0
fl=/build/buildd/eglibc-2.19/elf/do-rel.h
fn=_dl_relocate_object
47 28 0 0 14 0 0 0 0 0
48 14 0 0 14 1 0 0 0 0
50 6 0 0 0 0 0 0 0 0
51 6 0 0 0 0 0 6 1 0
58 42 0 0 14 0 0 0 0 0
61 2292 1 1 0 0 0 0 0 0
63 2268 1 1 756 284 284 0 0 0
65 61 0 0 0 0 0 0 0 0
74 12 0 0 0 0 0 0 0 0
75 83 1 1 16 0 0 0 0 0
76 38 0 0 19 0 0 0 0 0
83 16 0 0 8 0 0 8 0 0
84 8 1 1 8 0 0 0 0 0
86 16 0 0 0 0 0 0 0 0
98 24 1 1 0 0 0 0 0 0
108 15 1 1 1 1 1 0 0 0
111 5048 0 0 0 0 0 0 0 0
112 3354 0 0 1677 0 0 0 0 0
118 24 0 0 8 7 0 0 0 0
121 14 0 0 7 4 0 7 1 0
124 6725 0 0 2235 0 0 0 0 0
127 8916 0 0 2229 559 555 0 0 0
136 6687 0 0 4458 660 162 0 0 0
137 11356 0 0 2229 0 0 2229 1 0
138 3449 0 0 2229 2 0 0 0 0
139 4458 1 1 2229 0 0 0 0 0
143 12 0 0 0 0 0 0 0 0
160 23 2 2 5 0 0 4 0 0
162 20 1 1 5 2 2 0 0 0
170 25 0 0 5 0 0 5 0 0
171 10 0 0 10 0 0 0 0 0
174 5 0 0 2 0 0 0 0 0
fn=_dl_start
83 1 0 0 1 0 0 0 0 0
84 1 0 0 1 0 0 0 0 0
111 33 0 0 0 0 0 0 0 0
112 20 0 0 10 3 3 0 0 0
116 2 1 1 1 0 0 0 0 0
124 31 0 0 0 0 0 0 0 0
137 45 1 1 9 2 2 0 0 0
139 18 0 0 9 0 0 0 0 0
fl=/build/buildd/eglibc-2.19/elf/get-dynamic-info.h
fn=_dl_map_object_from_fd
38 10 0 0 0 0 0 0 0 0
42 5 0 0 0 0 0 0 0 0
44 399 0 0 133 38 38 0 0 0
46 256 0 0 0 0 0 0 0 0
51 129 1 1 0 0 0 0 0 0
52 211 0 0 0 0 0 123 30 30
53 20 0 0 0 0 0 0 0 0
55 5 0 0 0 0 0 0 0 0
56 25 1 1 0 0 0 0 0 0
58 5 0 0 0 0 0 0 0 0
59 25 1 1 0 0 0 0 0 0
60 5 0 0 0 0 0 0 0 0
61 20 0 0 0 0 0 5 1 1
62 128 0 0 0 0 0 0 0 0
69 10 0 0 0 0 0 0 0 0
89 17 0 0 7 0 0 0 0 0
90 20 1 1 10 0 0 0 0 0
91 20 0 0 10 0 0 0 0 0
92 20 0 0 10 0 0 0 0 0
94 20 0 0 10 0 0 0 0 0
99 20 1 1 10 0 0 0 0 0
100 19 0 0 9 1 1 0 0 0
101 20 0 0 10 0 0 0 0 0
107 15 0 0 5 0 0 0 0 0
112 10 1 1 5 0 0 0 0 0
119 10 0 0 5 0 0 0 0 0
120 15 0 0 10 0 0 0 0 0
136 15 0 0 5 0 0 0 0 0
141 4 0 0 2 0 0 2 0 0
143 4 0 0 0 0 0 0 0 0
145 4 0 0 0 0 0 0 0 0
147 4 0 0 0 0 0 0 0 0
150 15 1 1 5 0 0 0 0 0
152 2 0 0 1 0 0 1 0 0
160 2 0 0 1 0 0 0 0 0
161 2 1 1 0 0 0 0 0 0
165 2 0 0 0 0 0 0 0 0
168 10 0 0 5 0 0 0 0 0
fn=_dl_start
44 57 1 1 19 6 6 0 0 0
46 36 0 0 0 0 0 0 0 0
47 26 0 0 0 0 0 13 3 3
51 21 0 0 0 0 0 0 0 0
52 18 2 2 0 0 0 4 2 2
53 4 1 1 0 0 0 0 0 0
55 1 0 0 0 0 0 0 0 0
56 5 1 1 0 0 0 0 0 0
58 2 0 0 0 0 0 0 0 0
59 5 1 1 0 0 0 0 0 0
60 1 0 0 0 0 0 0 0 0
61 5 0 0 0 0 0 1 1 1
62 18 0 0 0 0 0 0 0 0
69 2 0 0 0 0 0 0 0 0
89 4 0 0 2 0 0 0 0 0
90 4 0 0 2 0 0 0 0 0
91 4 1 1 2 0 0 0 0 0
92 4 0 0 2 0 0 0 0 0
94 4 0 0 2 0 0 0 0 0
99 4 0 0 2 0 0 0 0 0
100 4 1 1 2 0 0 0 0 0
101 4 0 0 2 0 0 0 0 0
107 3 0 0 1 0 0 0 0 0
112 2 0 0 1 0 0 0 0 0
119 3 0 0 1 0 0 0 0 0
120 3 1 1 2 0 0 0 0 0
128 3 0 0 1 0 0 0 0 0
130 3 0 0 1 1 1 0 0 0
133 2 1 1 1 0 0 0 0 0
134 2 0 0 1 0 0 0 0 0
fn=dl_main
29 1 0 0 1 0 0 0 0 0
38 2 0 0 0 0 0 0 0 0
42 1 0 0 0 0 0 0 0 0
44 75 0 0 25 7 7 0 0 0
46 48 1 1 0 0 0 0 0 0
51 17 1 1 0 0 0 0 0 0
52 34 0 0 0 0 0 23 5 5
53 4 0 0 0 0 0 0 0 0
55 1 0 0 0 0 0 0 0 0
56 5 1 1 0 0 0 0 0 0
58 1 0 0 0 0 0 0 0 0
59 5 0 0 0 0 0 0 0 0
60 1 0 0 0 0 0 0 0 0
61 4 1 1 0 0 0 1 0 0
62 24 0 0 0 0 0 0 0 0
69 3 1 1 1 0 0 0 0 0
107 3 2 2 1 0 0 0 0 0
112 2 0 0 1 0 0 0 0 0
119 2 0 0 1 0 0 0 0 0
120 3 0 0 2 0 0 0 0 0
136 3 0 0 1 0 0 0 0 0
150 3 1 1 1 0 0 0 0 0
168 2 1 1 1 0 0 0 0 0
fl=/build/buildd/eglibc-2.19/elf/rtld.c
fn=_dl_initial_error_catch_tsd
798 22 0 0 11 0 0 0 0 0
fn=_dl_start
285 75 4 4 8 1 1 8 2 2
297 2 0 0 0 0 0 1 0 0
298 2 0 0 0 0 0 1 0 0
299 2 0 0 0 0 0 1 0 0
300 2 1 1 0 0 0 1 1 1
301 2 0 0 0 0 0 1 0 0
322 5 0 0 0 0 0 1 0 0
326 1 0 0 0 0 0 1 0 0
332 4 1 0 0 0 0 1 0 0
341 4 1 0 0 0 0 0 0 0
344 2 0 0 1 1 0 1 1 0
348 2 0 0 1 0 0 0 0 0
362 9 2 2 0 0 0 6 1 1
380 5 0 0 0 0 0 1 1 1
406 1 0 0 0 0 0 1 1 1
409 1 0 0 0 0 0 1 1 1
537 2 0 0 0 0 0 0 0 0
542 34 3 3 9 0 0 0 0 0
544 1 0 0 1 1 1 0 0 0
569 9 0 0 7 1 0 0 0 0
fn=dl_main
891 12 1 1 0 0 0 8 1 1
897 1 0 0 0 0 0 0 0 0
899 2 0 0 0 0 0 0 0 0
900 1 0 0 0 0 0 0 0 0
906 1 0 0 0 0 0 1 0 0
910 2 0 0 0 0 0 1 0 0
913 2 0 0 0 0 0 1 1 1
917 2 0 0 0 0 0 1 1 1
918 2 0 0 0 0 0 1 0 0
923 2 1 1 0 0 0 1 0 0
933 4 2 2 2 0 0 0 0 0
1132 8 1 1 0 0 0 1 0 0
1134 2 0 0 0 0 0 0 0 0
1135 1 0 0 0 0 0 1 1 1
1136 2 1 1 1 0 0 1 0 0
1137 3 0 0 2 0 0 1 0 0
1141 3 0 0 0 0 0 1 0 0
1142 2 0 0 1 0 0 0 0 0
1163 1 0 0 0 0 0 1 0 0
1164 1 0 0 0 0 0 1 0 0
1166 1 0 0 0 0 0 1 0 0
1168 1 1 1 1 0 0 0 0 0
1171 36 1 1 3 0 0 0 0 0
1172 71 1 1 9 5 5 0 0 0
1176 3 1 1 1 0 0 1 0 0
1177 1 0 0 0 0 0 0 0 0
1181 3 1 1 2 0 0 1 0 0
1182 1 0 0 0 0 0 0 0 0
1190 1 0 0 0 0 0 1 1 1
1191 2 1 1 2 1 1 0 0 0
1193 2 1 1 0 0 0 1 0 0
1200 3 0 0 1 0 0 0 0 0
1218 1 0 0 0 0 0 0 0 0
1226 4 0 0 2 0 0 0 0 0
1227 10 2 2 3 1 1 0 0 0
1228 4 0 0 2 0 0 0 0 0
1229 1 0 0 0 0 0 1 0 0
1232 4 0 0 2 1 1 0 0 0
1233 4 0 0 2 0 0 0 0 0
1234 2 0 0 0 0 0 2 0 0
1235 6 0 0 3 0 0 0 0 0
1236 2 0 0 0 0 0 1 0 0
1263 2 1 1 1 0 0 1 1 1
1264 1 0 0 0 0 0 0 0 0
1267 2 0 0 1 0 0 1 0 0
1268 2 0 0 1 0 0 1 0 0
1269 1 0 0 0 0 0 0 0 0
1274 3 0 0 1 1 1 0 0 0
1277 2 0 0 0 0 0 0 0 0
1279 2 0 0 0 0 0 0 0 0
1281 2 1 1 1 0 0 0 0 0
1294 3 0 0 1 0 0 0 0 0
1295 11 1 1 6 0 0 2 0 0
1300 1 0 0 0 0 0 1 0 0
1302 1 0 0 0 0 0 1 1 1
1303 1 0 0 0 0 0 1 0 0
1305 2 0 0 1 0 0 0 0 0
1306 2 1 1 0 0 0 1 0 0
1310 2 0 0 1 0 0 0 0 0
1312 2 0 0 0 0 0 0 0 0
1317 2 0 0 0 0 0 1 0 0
1320 4 1 1 0 0 0 1 0 0
1336 3 2 2 0 0 0 1 0 0
1342 9 1 1 1 0 0 2 0 0
1347 2 1 1 1 0 0 1 0 0
1350 4 1 1 1 0 0 2 0 0
1352 1 0 0 0 0 0 1 0 0
1357 2 0 0 1 0 0 0 0 0
1360 3 0 0 2 0 0 1 0 0
1361 4 1 1 1 0 0 1 0 0
1362 2 0 0 0 0 0 1 0 0
1363 1 0 0 0 0 0 1 0 0
1364 1 0 0 1 0 0 0 0 0
1365 1 0 0 1 0 0 0 0 0
1370 2 0 0 1 0 0 0 0 0
1371 5 0 0 1 0 0 1 0 0
1375 1 1 1 1 0 0 0 0 0
1377 4 0 0 1 0 0 0 0 0
1378 2 0 0 0 0 0 1 0 0
1379 4 0 0 1 1 1 1 0 0
1384 2 0 0 0 0 0 0 0 0
1385 6 1 1 1 1 1 0 0 0
1387 2 0 0 1 0 0 1 1 1
1388 2 0 0 1 0 0 1 0 0
1393 2 0 0 1 1 1 0 0 0
1398 3 1 1 1 0 0 0 0 0
1579 3 0 0 1 0 0 0 0 0
1582 2 0 0 1 0 0 1 0 0
1586 3 0 0 1 0 0 0 0 0
1591 2 1 1 1 0 0 1 0 0
1592 1 0 0 0 0 0 1 0 0
1597 3 0 0 1 0 0 0 0 0
1612 3 0 0 2 0 0 0 0 0
1614 1 0 0 0 0 0 0 0 0
1616 3 1 1 1 0 0 0 0 0
1623 11 2 2 0 0 0 3 0 0
1626 6 0 0 0 0 0 0 0 0
1629 12 1 1 0 0 0 2 0 0
1630 2 0 0 1 0 0 0 0 0
1631 3 0 0 1 0 0 0 0 0
1633 6 0 0 0 0 0 1 0 0
1635 4 0 0 0 0 0 0 0 0
1636 2 0 0 1 0 0 0 0 0
1637 3 0 0 0 0 0 1 0 0
1647 5 0 0 0 0 0 1 0 0
1724 4 0 0 2 0 0 0 0 0
1728 8 2 2 0 0 0 0 0 0
1729 1 0 0 0 0 0 0 0 0
1732 2 0 0 0 0 0 1 0 0
1733 1 0 0 1 0 0 0 0 0
1734 2 0 0 0 0 0 0 0 0
1735 2 0 0 0 0 0 0 0 0
1741 5 1 1 0 0 0 0 0 0
1742 8 0 0 0 0 0 1 0 0
1743 4 0 0 0 0 0 0 0 0
1745 2 0 0 1 1 0 0 0 0
1748 19 1 1 2 0 0 0 0 0
1749 28 0 0 14 0 0 0 0 0
1752 3 0 0 2 0 0 1 0 0
1753 3 0 0 1 0 0 0 0 0
1754 1 0 0 0 0 0 1 0 0
1756 20 1 1 0 0 0 0 0 0
1757 13 0 0 6 0 0 0 0 0
1767 1 0 0 0 0 0 1 0 0
1769 2 1 1 1 0 0 1 0 0
1770 2 1 1 1 0 0 0 0 0
1772 3 0 0 0 0 0 1 0 0
1774 4 0 0 1 0 0 0 0 0
1776 3 0 0 1 1 0 0 0 0
1777 1 0 0 1 0 0 0 0 0
1788 3 1 1 0 0 0 0 0 0
1790 2 1 1 0 0 0 0 0 0
1791 2 0 0 0 0 0 1 0 0
1792 3 0 0 1 0 0 0 0 0
1794 2 0 0 1 0 0 0 0 0
1795 2 0 0 0 0 0 1 0 0
1803 4 0 0 0 0 0 1 0 0
1804 1 0 0 0 0 0 1 0 0
1805 5 1 1 0 0 0 1 0 0
1815 2 0 0 1 0 0 1 0 0
1816 2 0 0 1 0 0 0 0 0
1817 2 1 1 0 0 0 2 0 0
1819 2 0 0 1 0 0 0 0 0
1822 1 0 0 0 0 0 1 0 0
1824 2 0 0 1 0 0 0 0 0
2054 3 0 0 1 0 0 0 0 0
2110 2 2 2 0 0 0 1 0 0
2114 4 0 0 2 0 0 2 0 0
2118 2 0 0 1 0 0 1 0 0
2121 2 0 0 0 0 0 0 0 0
2129 2 0 0 0 0 0 0 0 0
2140 1 1 1 1 0 0 0 0 0
2175 3 1 1 1 0 0 0 0 0
2182 1 0 0 1 0 0 0 0 0
2184 11 1 1 1 0 0 1 0 0
2186 19 1 1 1 1 0 0 0 0
2188 21 0 0 14 3 0 0 0 0
2193 14 0 0 14 3 0 0 0 0
2195 16 1 1 0 0 0 0 0 0
2197 1 1 1 0 0 0 1 0 0
2198 1 0 0 1 0 0 0 0 0
2201 7 0 0 7 0 0 0 0 0
2203 21 0 0 0 0 0 0 0 0
2204 48 0 0 12 5 0 6 0 0
2208 25 0 0 9 3 0 0 0 0
2209 6 0 0 0 0 0 2 0 0
2211 4 0 0 0 0 0 0 0 0
2213 2 0 0 0 0 0 1 0 0
2219 2 0 0 1 0 0 0 0 0
2224 4 1 1 2 0 0 0 0 0
2225 1 0 0 1 0 0 0 0 0
2230 2 1 1 1 0 0 1 0 0
2234 2 0 0 1 0 0 0 0 0
2248 3 0 0 2 1 0 0 0 0
2250 4 2 2 1 0 0 0 0 0
2265 5 1 1 0 0 0 0 0 0
2267 1 0 0 1 0 0 0 0 0
2268 5 0 0 1 0 0 1 0 0
2269 4 0 0 0 0 0 0 0 0
2271 3 0 0 1 0 0 0 0 0
2279 1 0 0 0 0 0 1 0 0
2283 3 0 0 1 0 0 0 0 0
2303 3 0 0 0 0 0 1 0 0
2304 1 0 0 0 0 0 1 0 0
2305 1 0 0 0 0 0 1 0 0
2310 1 0 0 0 0 0 1 0 0
2315 8 0 0 7 2 0 0 0 0
2485 2 0 0 1 0 0 1 1 1
2487 1 0 0 0 0 0 0 0 0
2488 1 0 0 0 0 0 0 0 0
2492 13 2 2 1 0 0 4 0 0
2494 15 0 0 3 0 0 3 1 1
2498 105 1 1 21 1 1 0 0 0
2499 19 0 0 0 0 0 0 0 0
2501 4 0 0 0 0 0 0 0 0
2507 16 0 0 2 0 0 0 0 0
2530 6 1 1 0 0 0 1 0 0
2537 6 1 1 0 0 0 1 0 0
2539 3 1 1 0 0 0 1 0 0
2583 6 1 1 0 0 0 1 0 0
2585 3 1 1 0 0 0 1 0 0
2660 3 1 1 1 0 0 0 0 0
2693 3 0 0 1 0 0 0 0 0
fn=do_preload
804 6 0 0 0 0 0 3 0 0
806 1 0 0 0 0 0 1 0 0
810 1 0 0 0 0 0 1 0 0
811 1 1 1 0 0 0 1 0 0
812 1 0 0 0 0 0 1 0 0
814 1 0 0 1 0 0 0 0 0
816 6 0 0 0 0 0 1 0 0
817 3 0 0 1 0 0 0 0 0
825 3 1 1 1 0 0 0 0 0
831 5 0 0 4 0 0 0 0 0
fn=init_tls
717 1 0 0 0 0 0 1 0 0
719 2 0 0 1 0 0 1 0 0
723 2 0 0 1 0 0 0 0 0
724 1 1 1 0 0 0 0 0 0
729 2 0 0 0 0 0 1 0 0
732 1 0 0 0 0 0 1 0 0
733 4 0 0 0 0 0 1 0 0
738 1 0 0 0 0 0 0 0 0
740 1 0 0 0 0 0 1 0 0
744 2 1 1 1 1 1 0 0 0
745 1 0 0 0 0 0 0 0 0
746 17 1 1 1 0 0 0 0 0
747 14 0 0 7 0 0 0 0 0
748 14 0 0 7 3 1 0 0 0
752 6 0 0 0 0 0 2 1 1
754 2 0 0 0 0 0 0 0 0
756 3 0 0 0 0 0 0 0 0
759 1 1 1 0 0 0 1 0 0
766 2 0 0 0 0 0 1 0 0
767 2 0 0 0 0 0 0 0 0
773 2 1 1 1 0 0 1 0 0
781 7 0 0 0 0 0 2 0 0
785 1 1 1 0 0 0 1 0 0
787 1 0 0 0 0 0 0 0 0
788 2 0 0 2 0 0 0 0 0
fn=map_doit
625 2 1 1 0 0 0 1 0 0
627 8 1 1 3 0 0 2 0 0
629 2 0 0 2 0 0 0 0 0
fn=rtld_lock_default_lock_recursive
838 112 1 1 112 3 2 0 0 0
fn=rtld_lock_default_unlock_recursive
844 112 1 1 112 0 0 0 0 0
fn=security_init
851 2 0 0 0 0 0 1 0 0
853 1 0 0 1 0 0 0 0 0
855 1 0 0 0 0 0 1 0 0
861 2 0 0 1 0 0 0 0 0
863 1 0 0 1 0 0 0 0 0
866 1 1 1 0 0 0 1 0 0
868 1 0 0 0 0 0 1 0 0
874 1 0 0 0 0 0 1 0 0
875 3 0 0 2 0 0 0 0 0
fn=version_check_doit
657 2 1 1 0 0 0 1 0 0
659 6 0 0 2 0 0 1 0 0
663 2 0 0 2 0 0 0 0 0
fl=/build/buildd/eglibc-2.19/elf/setup-vdso.h
fn=dl_main
24 2 0 0 1 0 0 0 0 0
fl=/build/buildd/eglibc-2.19/iconv/gconv_simple.c
fn=__gconv_btwoc_ascii
52 512 1 1 0 0 0 0 0 0
55 128 0 0 128 0 0 0 0 0
fl=/build/buildd/eglibc-2.19/io/../sysdeps/unix/syscall-template.S
fn=access
81 24 1 1 0 0 0 0 0 0
83 30 1 1 6 0 0 6 1 1
fn=close
81 24 1 1 0 0 0 0 0 0
82 6 0 0 6 0 0 0 0 0
fn=open
81 52 1 1 0 0 0 0 0 0
82 6 0 0 6 0 0 0 0 0
83 35 0 0 7 0 0 7 0 0
fn=read
81 20 0 0 0 0 0 0 0 0
82 5 0 0 5 0 0 0 0 0
fl=/build/buildd/eglibc-2.19/io/../sysdeps/unix/sysv/linux/wordsize-64/fxstat.c
fn=_fxstat
33 7 0 0 0 0 0 0 0 0
34 14 2 2 0 0 0 0 0 0
35 42 0 0 0 0 0 0 0 0
39 7 0 0 7 0 0 0 0 0
fl=/build/buildd/eglibc-2.19/io/../sysdeps/unix/sysv/linux/wordsize-64/xstat.c
fn=_xstat
33 4 0 0 0 0 0 0 0 0
34 8 1 1 0 0 0 0 0 0
35 36 0 0 3 0 0 3 0 0
39 1 0 0 1 0 0 0 0 0
fl=/build/buildd/eglibc-2.19/libio/filedoalloc.c
fn=_IO_file_doallocate
96 5 1 1 0 0 0 3 0 0
111 8 1 1 3 1 0 1 0 0
113 4 0 0 1 0 0 0 0 0
124 6 1 1 1 0 0 0 0 0
128 8 0 0 0 0 0 1 0 0
129 5 1 1 0 0 0 1 0 0
130 1 0 0 0 0 0 0 0 0
131 5 0 0 4 0 0 0 0 0
fl=/build/buildd/eglibc-2.19/libio/fileops.c
fn=_IO_do_write@@GLIBC_2.2.5
509 6 1 1 0 0 0 4 0 0
511 3 0 0 0 0 0 0 0 0
512 6 0 0 5 0 0 0 0 0
fn=_IO_file_overflow@@GLIBC_2.2.5
824 4 1 1 0 0 0 3 0 0
825 3 0 0 1 0 0 0 0 0
832 3 0 0 0 0 0 0 0 0
835 2 1 1 1 0 0 0 0 0
837 2 1 1 0 0 0 1 0 0
838 6 0 0 2 0 0 3 0 0
847 2 1 1 0 0 0 0 0 0
856 4 0 0 2 0 0 0 0 0
858 1 0 0 0 0 0 1 0 0
859 2 0 0 0 0 0 1 0 0
860 1 0 0 0 0 0 1 0 0
861 2 0 0 0 0 0 2 0 0
863 3 1 1 0 0 0 1 0 0
864 5 0 0 1 0 0 0 0 0
867 2 0 0 0 0 0 0 0 0
868 2 1 1 0 0 0 0 0 0
869 1 0 0 0 0 0 0 0 0
880 3 0 0 3 0 0 0 0 0
fn=_IO_file_stat
1222 1 1 1 0 0 0 0 0 0
1223 3 0 0 1 0 0 0 0 0
fn=_IO_file_xsputn@@GLIBC_2.2.5
1281 80 2 2 0 0 0 60 0 0
1287 20 0 0 0 0 0 0 0 0
1288 10 0 0 0 0 0 0 0 0
1294 60 0 0 10 0 0 0 0 0
1311 42 1 1 20 0 0 0 0 0
1312 18 0 0 0 0 0 0 0 0
1315 36 0 0 0 0 0 0 0 0
1320 45 0 0 0 0 0 18 0 0
1325 9 0 0 0 0 0 0 0 0
1326 27 0 0 0 0 0 0 0 0
1328 30 0 0 0 0 0 0 0 0
1332 6 0 0 2 1 0 1 0 0
1338 2 0 0 2 0 0 0 0 0
1339 6 1 1 0 0 0 0 0 0
1341 3 0 0 0 0 0 0 0 0
1352 2 0 0 0 0 0 0 0 0
1353 6 0 0 0 0 0 1 0 0
1355 20 1 1 0 0 0 0 0 0
1356 80 0 0 70 0 0 0 0 0
fl=/build/buildd/eglibc-2.19/libio/genops.c
fn=_IO_default_xsputn
447 6 1 1 0 0 0 5 0 0
450 6 0 0 0 0 0 0 0 0
451 1 0 0 0 0 0 0 0 0
455 4 1 1 2 0 0 0 0 0
457 3 0 0 0 0 0 0 0 0
460 2 0 0 0 0 0 0 0 0
470 12 1 1 0 0 0 0 0 0
474 19 1 1 0 0 0 0 0 0
475 27 1 1 8 0 0 9 1 0
478 1 0 0 0 0 0 0 0 0
480 2 0 0 0 0 0 0 0 0
484 2 0 0 0 0 0 0 0 0
485 6 0 0 6 0 0 0 0 0
fn=_IO_doallocbuf
414 4 1 1 0 0 0 3 0 0
415 2 0 0 1 0 0 0 0 0
417 3 1 1 1 0 0 0 0 0
418 5 0 0 2 1 0 1 0 0
421 4 0 0 4 0 0 0 0 0
fn=_IO_setb
399 5 1 1 0 0 0 2 0 0
400 4 0 0 2 0 0 0 0 0
402 1 0 0 0 0 0 1 0 0
403 1 0 0 0 0 0 1 0 0
405 6 0 0 0 0 0 1 0 0
408 4 0 0 3 0 0 0 0 0
fl=/build/buildd/eglibc-2.19/libio/iofwrite.c
fn=fwrite
35 70 1 1 0 0 0 40 0 0
36 20 0 0 0 0 0 0 0 0
39 20 0 0 0 0 0 0 0 0
41 180 2 2 90 3 2 10 0 0
42 49 1 1 10 1 0 1 0 0
43 90 0 0 20 1 0 10 0 0
49 20 0 0 0 0 0 0 0 0
50 10 0 0 0 0 0 0 0 0
53 60 0 0 50 0 0 0 0 0
fl=/build/buildd/eglibc-2.19/libio/libioP.h
fn=fwrite
904 20 0 0 10 0 0 0 0 0
905 90 2 2 40 0 0 10 0 0
fl=/build/buildd/eglibc-2.19/locale/newlocale.c
fn=newlocale
44 12 2 2 0 0 0 8 0 0
56 2 0 0 0 0 0 0 0 0
57 2 1 1 0 0 0 1 0 0
64 2 0 0 0 0 0 0 0 0
67 4 1 1 1 0 0 0 0 0
73 2 0 0 1 0 0 0 0 0
74 7 2 2 3 0 0 0 0 0
76 1 1 1 0 0 0 0 0 0
279 8 0 0 7 0 0 0 0 0
fl=/build/buildd/eglibc-2.19/locale/uselocale.c
fn=uselocale
31 4 1 1 4 2 0 0 0 0
33 6 0 0 0 0 0 0 0 0
36 4 0 0 0 0 0 0 0 0
37 2 0 0 0 0 0 2 0 0
65 6 1 1 4 2 0 2 1 0
66 6 0 0 4 0 0 2 0 0
68 6 0 0 4 1 0 2 0 0
72 6 0 0 0 0 0 0 0 0
73 2 0 0 2 0 0 0 0 0
fl=/build/buildd/eglibc-2.19/math/../sysdeps/x86_64/fpu/multiarch/e_asin.c
fn=__acos_finite
10 7 1 1 2 0 0 1 0 0
fn=__asin_finite
14 7 1 1 2 0 0 1 0 0
fl=/build/buildd/eglibc-2.19/math/../sysdeps/x86_64/fpu/multiarch/e_atan2.c
fn=__atan2_finite
15 1 1 1 0 0 0 0 0 0
fl=/build/buildd/eglibc-2.19/math/../sysdeps/x86_64/fpu/multiarch/e_exp.c
fn=__exp_finite
15 10 2 2 2 0 0 1 0 0
fl=/build/buildd/eglibc-2.19/math/../sysdeps/x86_64/fpu/multiarch/e_log.c
fn=__log_finite
15 1 1 1 0 0 0 0 0 0
fl=/build/buildd/eglibc-2.19/math/../sysdeps/x86_64/fpu/multiarch/e_pow.c
fn=__pow_finite
8 7 1 1 2 0 0 1 0 0
fl=/build/buildd/eglibc-2.19/math/../sysdeps/x86_64/fpu/multiarch/s_ceil.S
fn=ceil
25 1 1 1 0 0 0 1 0 0
26 1 0 0 0 0 0 0 0 0
27 1 0 0 0 0 0 0 0 0
28 1 1 1 1 0 0 0 0 0
29 1 0 0 0 0 0 0 0 0
31 1 0 0 1 0 0 0 0 0
fl=/build/buildd/eglibc-2.19/math/../sysdeps/x86_64/fpu/multiarch/s_ceilf.S
fn=ceilf
25 1 1 1 0 0 0 1 0 0
26 1 0 0 0 0 0 0 0 0
27 1 0 0 0 0 0 0 0 0
28 1 1 1 1 0 0 0 0 0
29 1 0 0 0 0 0 0 0 0
31 1 0 0 1 0 0 0 0 0
fl=/build/buildd/eglibc-2.19/math/../sysdeps/x86_64/fpu/multiarch/s_floor.S
fn=floor
25 1 1 1 0 0 0 1 0 0
26 1 0 0 0 0 0 0 0 0
27 1 0 0 0 0 0 0 0 0
28 1 0 0 1 0 0 0 0 0
29 1 0 0 0 0 0 0 0 0
31 1 0 0 1 0 0 0 0 0
fl=/build/buildd/eglibc-2.19/math/../sysdeps/x86_64/fpu/multiarch/s_floorf.S
fn=floorf
25 1 1 1 0 0 0 1 0 0
26 1 0 0 0 0 0 0 0 0
27 1 0 0 0 0 0 0 0 0
28 1 0 0 1 0 0 0 0 0
29 1 0 0 0 0 0 0 0 0
31 1 0 0 1 0 0 0 0 0
fl=/build/buildd/eglibc-2.19/math/../sysdeps/x86_64/fpu/multiarch/s_rint.S
fn=rint
25 1 1 1 0 0 0 1 0 0
26 1 0 0 0 0 0 0 0 0
27 1 0 0 0 0 0 0 0 0
28 1 0 0 1 0 0 0 0 0
29 1 0 0 0 0 0 0 0 0
31 1 0 0 1 0 0 0 0 0
fl=/build/buildd/eglibc-2.19/math/../sysdeps/x86_64/fpu/multiarch/s_rintf.S
fn=rintf
25 1 1 1 0 0 0 1 0 0
26 1 0 0 0 0 0 0 0 0
27 1 0 0 0 0 0 0 0 0
28 1 0 0 1 0 0 0 0 0
29 1 0 0 0 0 0 0 0 0
31 1 0 0 1 0 0 0 0 0
fl=/build/buildd/eglibc-2.19/math/../sysdeps/x86_64/fpu/multiarch/s_sin.c
fn=cos
20 10 2 2 2 0 0 1 0 0
fn=sin
24 1 1 1 0 0 0 0 0 0
fl=/build/buildd/eglibc-2.19/misc/../sysdeps/unix/syscall-template.S
fn=mmap
81 95 2 2 0 0 0 0 0 0
82 19 0 0 19 0 0 0 0 0
fn=mprotect
81 44 1 1 0 0 0 0 0 0
82 11 0 0 11 0 0 0 0 0
fn=munmap
81 4 0 0 0 0 0 0 0 0
82 1 0 0 1 0 0 0 0 0
fl=/build/buildd/eglibc-2.19/misc/init-misc.c
fn=__init_misc
30 4 1 1 0 0 0 2 0 0
31 5 0 0 1 0 0 0 0 0
33 3 0 0 0 0 0 1 0 0
37 5 0 0 1 1 0 1 1 0
38 3 1 1 2 0 0 1 0 0
40 4 0 0 3 0 0 0 0 0
fl=/build/buildd/eglibc-2.19/posix/../sysdeps/unix/syscall-template.S
fn=uname
81 4 1 1 0 0 0 0 0 0
82 1 0 0 1 0 0 0 0 0
fl=/build/buildd/eglibc-2.19/setjmp/../sysdeps/x86_64/bsd-_setjmp.S
fn=_setjmp
30 1 1 1 0 0 0 0 0 0
32 1 0 0 0 0 0 0 0 0
fl=/build/buildd/eglibc-2.19/setjmp/../sysdeps/x86_64/setjmp.S
fn=__sigsetjmp
26 11 2 2 0 0 0 11 1 0
35 11 0 0 0 0 0 0 0 0
36 22 1 1 11 0 0 0 0 0
37 11 0 0 0 0 0 11 0 0
41 11 0 0 0 0 0 11 0 0
42 11 0 0 0 0 0 11 0 0
43 11 0 0 0 0 0 11 1 0
44 11 0 0 0 0 0 11 1 1
45 11 0 0 0 0 0 0 0 0
47 22 0 0 11 0 0 0 0 0
49 11 0 0 0 0 0 11 0 0
50 11 1 1 11 0 0 0 0 0
53 22 0 0 11 0 0 0 0 0
55 11 0 0 0 0 0 11 0 0
59 10 0 0 0 0 0 0 0 0
60 10 0 0 10 0 0 0 0 0
64 1 0 0 0 0 0 0 0 0
fl=/build/buildd/eglibc-2.19/setjmp/sigjmp.c
fn=__sigjmp_save
28 2 0 0 0 0 0 1 0 0
29 4 0 0 0 0 0 1 0 0
34 3 0 0 2 0 0 0 0 0
fl=/build/buildd/eglibc-2.19/stdlib/cxa_atexit.c
fn=__cxa_atexit
35 10 0 0 0 0 0 5 0 0
37 10 0 0 0 0 0 0 0 0
41 15 0 0 5 0 0 0 0 0
43 5 0 0 0 0 0 5 0 0
44 5 0 0 0 0 0 5 2 0
45 5 0 0 0 0 0 5 0 0
47 5 1 1 0 0 0 5 0 0
48 5 0 0 0 0 0 0 0 0
57 30 2 1 0 0 0 15 0 0
59 20 0 0 20 0 0 0 0 0
fn=__new_exitfn
73 20 2 1 0 0 0 10 0 0
74 10 0 0 0 0 0 0 0 0
79 30 0 0 10 3 2 0 0 0
81 24 3 2 6 2 0 0 0 0
83 23 0 0 5 2 0 0 0 0
84 20 0 0 4 1 0 0 0 0
91 1 0 0 0 0 0 1 0 0
94 8 0 0 0 0 0 0 0 0
112 1 1 1 0 0 0 0 0 0
113 2 0 0 0 0 0 1 0 0
119 12 0 0 0 0 0 0 0 0
120 8 0 0 0 0 0 4 0 0
126 5 1 1 0 0 0 5 1 0
127 5 0 0 5 2 1 0 0 0
130 20 0 0 10 0 0 0 0 0
133 25 0 0 15 0 0 0 0 0
fl=/build/buildd/eglibc-2.19/string/../bits/stdlib-bsearch.h
fn=intel_check_word
27 8 1 1 0 0 0 0 0 0
28 16 0 0 0 0 0 0 0 0
29 110 0 0 0 0 0 0 0 0
31 154 0 0 0 0 0 0 0 0
32 54 0 0 0 0 0 0 0 0
37 8 1 1 0 0 0 0 0 0
fl=/build/buildd/eglibc-2.19/string/../string/memcmp.c
fn=bcmp
105 25 1 1 25 0 0 0 0 0
106 50 0 0 25 0 0 0 0 0
110 55 0 0 0 0 0 0 0 0
111 15 1 1 0 0 0 0 0 0
129 35 1 1 0 0 0 0 0 0
133 5 1 1 5 1 1 0 0 0
134 5 0 0 5 0 0 0 0 0
135 5 0 0 0 0 0 0 0 0
136 5 0 0 0 0 0 0 0 0
137 5 0 0 0 0 0 0 0 0
183 5 0 0 5 0 0 0 0 0
184 5 0 0 5 0 0 0 0 0
185 40 0 0 0 0 0 10 1 1
221 3 0 0 0 0 0 0 0 0
222 6 0 0 0 0 0 0 0 0
226 6 0 0 0 0 0 0 0 0
228 21 1 1 0 0 0 0 0 0
232 3 0 0 3 0 0 0 0 0
233 3 0 0 3 0 0 0 0 0
234 3 0 0 3 0 0 0 0 0
235 3 0 0 0 0 0 0 0 0
236 3 0 0 0 0 0 0 0 0
237 3 0 0 0 0 0 0 0 0
289 3 0 0 3 0 0 0 0 0
290 3 0 0 3 1 1 0 0 0
291 18 1 1 0 0 0 0 0 0
292 6 0 0 0 0 0 0 0 0
299 6 1 1 0 0 0 0 0 0
304 18 1 1 0 0 0 0 0 0
305 6 0 0 0 0 0 0 0 0
315 154 1 1 0 0 0 132 1 1
318 22 0 0 0 0 0 0 0 0
319 22 0 0 0 0 0 0 0 0
322 44 0 0 0 0 0 0 0 0
326 30 0 0 0 0 0 0 0 0
328 2 0 0 2 1 1 0 0 0
329 2 0 0 2 0 0 0 0 0
330 2 0 0 0 0 0 0 0 0
331 2 0 0 0 0 0 0 0 0
333 4 0 0 0 0 0 0 0 0
335 2 0 0 0 0 0 0 0 0
342 24 1 1 0 0 0 0 0 0
343 16 0 0 0 0 0 0 0 0
346 10 0 0 0 0 0 0 0 0
350 9 0 0 0 0 0 0 0 0
351 3 0 0 0 0 0 0 0 0
352 3 0 0 0 0 0 0 0 0
356 248 2 2 0 0 0 0 0 0
358 108 0 0 108 1 1 0 0 0
359 108 0 0 108 5 5 0 0 0
360 108 0 0 0 0 0 0 0 0
363 351 0 0 0 0 0 0 0 0
368 16 0 0 0 0 0 0 0 0
369 176 0 0 154 0 0 0 0 0
fl=/build/buildd/eglibc-2.19/string/../string/memmove.c
fn=memmove
49 20 1 1 0 0 0 12 0 0
55 16 0 0 0 0 0 0 0 0
63 16 1 1 0 0 0 0 0 0
66 10 0 0 0 0 0 0 0 0
67 4 0 0 0 0 0 0 0 0
79 36 1 1 2 0 0 4 0 0
85 66 0 0 10 0 0 10 0 0
116 20 1 1 16 0 0 0 0 0
fl=/build/buildd/eglibc-2.19/string/../sysdeps/x86_64/memcpy.S
fn=__GI_mempcpy
61 9 1 1 0 0 0 0 0 0
65 9 0 0 0 0 0 0 0 0
68 9 0 0 0 0 0 0 0 0
69 9 0 0 0 0 0 0 0 0
71 2 0 0 2 0 0 0 0 0
72 2 0 0 0 0 0 2 0 0
74 2 0 0 0 0 0 0 0 0
75 2 0 0 0 0 0 0 0 0
80 9 0 0 0 0 0 0 0 0
81 9 0 0 0 0 0 0 0 0
83 9 0 0 9 0 0 0 0 0
84 9 0 0 0 0 0 9 0 0
86 9 0 0 0 0 0 0 0 0
87 9 0 0 0 0 0 0 0 0
92 9 0 0 0 0 0 0 0 0
93 9 0 0 0 0 0 0 0 0
104 9 1 1 0 0 0 0 0 0
105 9 0 0 0 0 0 0 0 0
116 9 0 0 0 0 0 0 0 0
117 9 0 0 0 0 0 0 0 0
138 9 1 1 0 0 0 0 0 0
142 9 0 0 9 0 0 0 0 0
fn=mempcpy
61 28 1 1 0 0 0 0 0 0
65 28 0 0 0 0 0 0 0 0
68 26 0 0 0 0 0 0 0 0
69 26 0 0 0 0 0 0 0 0
71 13 0 0 13 1 1 0 0 0
72 13 0 0 0 0 0 13 1 1
74 13 0 0 0 0 0 0 0 0
75 13 0 0 0 0 0 0 0 0
80 26 0 0 0 0 0 0 0 0
81 26 0 0 0 0 0 0 0 0
83 16 0 0 16 0 0 0 0 0
84 16 0 0 0 0 0 16 1 1
86 16 0 0 0 0 0 0 0 0
87 16 0 0 0 0 0 0 0 0
92 26 0 0 0 0 0 0 0 0
93 26 0 0 0 0 0 0 0 0
95 14 0 0 14 0 0 0 0 0
96 14 0 0 0 0 0 14 0 0
98 14 0 0 0 0 0 0 0 0
99 14 0 0 0 0 0 0 0 0
104 26 0 0 0 0 0 0 0 0
105 26 0 0 0 0 0 0 0 0
107 14 0 0 14 0 0 0 0 0
108 14 0 0 0 0 0 14 1 1
110 14 0 0 0 0 0 0 0 0
111 28 0 0 0 0 0 0 0 0
116 26 1 1 0 0 0 0 0 0
117 28 0 0 0 0 0 0 0 0
122 2 0 0 2 1 0 0 0 0
123 2 0 0 2 0 0 0 0 0
124 2 0 0 0 0 0 2 1 1
125 2 0 0 0 0 0 2 0 0
127 2 0 0 0 0 0 0 0 0
129 2 0 0 0 0 0 0 0 0
130 2 0 0 0 0 0 0 0 0
132 2 0 0 0 0 0 0 0 0
138 26 0 0 0 0 0 0 0 0
142 26 0 0 26 0 0 0 0 0
154 5 1 1 0 0 0 0 0 0
156 5 0 0 0 0 0 0 0 0
157 5 0 0 0 0 0 0 0 0
183 5 0 0 0 0 0 0 0 0
184 5 0 0 0 0 0 0 0 0
187 5 0 0 0 0 0 0 0 0
188 5 0 0 0 0 0 0 0 0
189 5 0 0 0 0 0 0 0 0
194 5 1 1 0 0 0 0 0 0
196 5 0 0 5 0 0 0 0 0
197 5 0 0 5 0 0 0 0 0
198 5 0 0 5 0 0 0 0 0
199 5 0 0 5 0 0 0 0 0
201 5 0 0 0 0 0 5 1 1
202 5 0 0 0 0 0 5 2 2
203 5 0 0 0 0 0 5 0 0
204 5 0 0 0 0 0 5 0 0
206 5 0 0 0 0 0 0 0 0
207 5 0 0 0 0 0 0 0 0
209 5 0 0 0 0 0 0 0 0
231 5 1 1 0 0 0 0 0 0
233 5 0 0 0 0 0 0 0 0
235 2 0 0 0 0 0 0 0 0
242 2 0 0 2 0 0 0 0 0
fl=/build/buildd/eglibc-2.19/string/../sysdeps/x86_64/multiarch/../cacheinfo.c
fn=handle_intel
305 16 0 0 0 0 0 12 0 0
306 4 1 1 0 0 0 0 0 0
317 6 0 0 0 0 0 2 0 0
319 2 1 1 0 0 0 2 0 0
320 4 0 0 0 0 0 2 0 0
322 2 0 0 0 0 0 0 0 0
328 8 1 1 0 0 0 2 0 0
333 4 0 0 0 0 0 0 0 0
335 6 0 0 0 0 0 2 0 0
336 2 0 0 0 0 0 0 0 0
340 10 0 0 0 0 0 2 0 0
341 4 0 0 0 0 0 0 0 0
344 10 1 1 0 0 0 2 0 0
345 4 0 0 0 0 0 0 0 0
362 16 1 1 14 0 0 0 0 0
fn=init_cacheinfo
550 3 1 1 0 0 0 3 0 0
563 3 0 0 1 1 0 0 0 0
570 2 0 0 0 0 0 0 0 0
572 4 0 0 1 0 0 1 0 0
575 1 0 0 0 0 0 0 0 0
576 4 1 1 1 0 0 1 0 0
578 2 0 0 0 0 0 0 0 0
589 1 0 0 1 0 0 0 0 0
607 4 0 0 1 0 0 0 0 0
614 17 1 1 0 0 0 0 0 0
620 8 0 0 0 0 0 0 0 0
623 20 0 0 0 0 0 0 0 0
625 2 1 1 0 0 0 0 0 0
631 5 0 0 0 0 0 0 0 0
638 9 1 1 0 0 0 0 0 0
640 2 0 0 0 0 0 0 0 0
642 8 0 0 0 0 0 0 0 0
644 4 0 0 0 0 0 0 0 0
649 1 1 1 0 0 0 0 0 0
651 4 0 0 0 0 0 0 0 0
652 2 0 0 0 0 0 0 0 0
653 1 0 0 0 0 0 0 0 0
657 2 0 0 0 0 0 0 0 0
669 4 0 0 0 0 0 0 0 0
670 5 1 1 0 0 0 0 0 0
744 2 0 0 0 0 0 0 0 0
746 3 1 1 0 0 0 1 0 0
747 1 0 0 0 0 0 1 1 1
749 1 0 0 0 0 0 0 0 0
750 3 0 0 0 0 0 1 0 0
751 1 0 0 0 0 0 1 0 0
754 2 0 0 0 0 0 0 0 0
756 3 0 0 0 0 0 1 0 0
757 1 0 0 0 0 0 1 1 1
759 1 0 0 0 0 0 0 0 0
760 3 0 0 0 0 0 1 0 0
761 1 0 0 0 0 0 1 0 0
763 4 0 0 4 0 0 0 0 0
fn=intel_check_word
150 108 0 0 54 6 6 0 0 0
153 54 1 1 0 0 0 0 0 0
161 16 0 0 0 0 0 12 0 0
162 8 1 1 0 0 0 0 0 0
164 2 0 0 0 0 0 0 0 0
168 28 0 0 0 0 0 0 0 0
170 32 1 1 0 0 0 0 0 0
172 10 0 0 0 0 0 0 0 0
174 20 0 0 0 0 0 0 0 0
182 20 0 0 0 0 0 0 0 0
194 39 2 2 0 0 0 0 0 0
199 16 0 0 0 0 0 0 0 0
203 10 1 1 0 0 0 0 0 0
205 5 0 0 0 0 0 0 0 0
210 8 0 0 0 0 0 0 0 0
213 2 1 1 0 0 0 0 0 0
215 4 1 1 0 0 0 0 0 0
217 10 2 2 0 0 0 0 0 0
218 8 0 0 0 0 0 0 0 0
219 8 0 0 0 0 0 0 0 0
220 2 0 0 0 0 0 0 0 0
228 3 0 0 0 0 0 0 0 0
235 16 0 0 0 0 0 0 0 0
295 8 0 0 0 0 0 0 0 0
300 16 0 0 16 0 0 0 0 0
fl=/build/buildd/eglibc-2.19/string/../sysdeps/x86_64/multiarch/../memcmp.S
fn=__GI_memcmp
24 41 1 1 0 0 0 0 0 0
25 41 0 0 0 0 0 0 0 0
26 41 0 0 0 0 0 0 0 0
27 41 0 0 0 0 0 0 0 0
28 41 0 0 0 0 0 0 0 0
29 41 0 0 0 0 0 0 0 0
30 41 0 0 0 0 0 0 0 0
31 41 1 1 0 0 0 0 0 0
34 41 0 0 0 0 0 0 0 0
35 41 0 0 0 0 0 0 0 0
36 40 0 0 40 0 0 0 0 0
37 40 0 0 40 0 0 0 0 0
38 40 0 0 0 0 0 0 0 0
39 40 0 0 0 0 0 0 0 0
40 40 0 0 0 0 0 0 0 0
41 40 0 0 0 0 0 0 0 0
42 40 0 0 0 0 0 0 0 0
44 10 0 0 0 0 0 0 0 0
45 10 0 0 0 0 0 0 0 0
46 1 0 0 1 0 0 0 0 0
47 1 0 0 1 0 0 0 0 0
48 1 0 0 0 0 0 0 0 0
49 1 0 0 0 0 0 0 0 0
50 1 0 0 0 0 0 0 0 0
51 1 0 0 0 0 0 0 0 0
52 1 0 0 0 0 0 0 0 0
54 10 1 1 0 0 0 0 0 0
55 10 0 0 0 0 0 0 0 0
56 10 0 0 10 0 0 0 0 0
57 10 0 0 10 0 0 0 0 0
58 10 0 0 0 0 0 0 0 0
59 10 0 0 0 0 0 0 0 0
94 31 0 0 31 0 0 0 0 0
98 10 1 1 0 0 0 0 0 0
99 10 0 0 0 0 0 0 0 0
100 1 0 0 0 0 0 0 0 0
101 1 0 0 0 0 0 0 0 0
102 1 0 0 0 0 0 0 0 0
103 1 0 0 0 0 0 0 0 0
104 1 0 0 0 0 0 0 0 0
105 1 0 0 0 0 0 0 0 0
106 1 0 0 0 0 0 0 0 0
107 1 0 0 0 0 0 0 0 0
108 1 0 0 0 0 0 0 0 0
109 1 0 0 0 0 0 0 0 0
110 1 0 0 1 0 0 0 0 0
114 9 1 1 0 0 0 0 0 0
115 9 0 0 9 0 0 0 0 0
fl=/build/buildd/eglibc-2.19/string/../sysdeps/x86_64/multiarch/../memcpy.S
fn=memcpy
61 26 1 1 0 0 0 0 0 0
63 26 0 0 0 0 0 0 0 0
65 26 0 0 0 0 0 0 0 0
68 25 0 0 0 0 0 0 0 0
69 25 0 0 0 0 0 0 0 0
71 5 1 1 5 0 0 0 0 0
72 5 0 0 0 0 0 5 3 3
74 5 0 0 0 0 0 0 0 0
75 5 0 0 0 0 0 0 0 0
80 25 0 0 0 0 0 0 0 0
81 25 0 0 0 0 0 0 0 0
83 8 0 0 8 0 0 0 0 0
84 8 0 0 0 0 0 8 3 3
86 8 0 0 0 0 0 0 0 0
87 16 0 0 0 0 0 0 0 0
92 25 0 0 0 0 0 0 0 0
93 25 0 0 0 0 0 0 0 0
95 5 0 0 5 0 0 0 0 0
96 5 0 0 0 0 0 5 0 0
98 5 0 0 0 0 0 0 0 0
99 5 0 0 0 0 0 0 0 0
104 25 0 0 0 0 0 0 0 0
105 25 0 0 0 0 0 0 0 0
107 13 0 0 13 0 0 0 0 0
108 13 0 0 0 0 0 13 0 0
110 13 0 0 0 0 0 0 0 0
111 13 0 0 0 0 0 0 0 0
116 25 1 1 0 0 0 0 0 0
117 38 0 0 0 0 0 0 0 0
122 13 0 0 13 0 0 0 0 0
123 13 0 0 13 0 0 0 0 0
124 13 0 0 0 0 0 13 1 1
125 13 0 0 0 0 0 13 1 1
127 13 0 0 0 0 0 0 0 0
129 13 0 0 0 0 0 0 0 0
130 13 0 0 0 0 0 0 0 0
132 13 0 0 0 0 0 0 0 0
140 25 0 0 25 0 0 0 0 0
148 11 0 0 0 0 0 11 0 0
154 11 0 0 0 0 0 0 0 0
156 11 0 0 0 0 0 0 0 0
157 11 0 0 0 0 0 0 0 0
160 4 0 0 0 0 0 0 0 0
161 8 0 0 0 0 0 0 0 0
166 20 0 0 20 0 0 0 0 0
167 20 0 0 0 0 0 20 0 0
169 20 0 0 0 0 0 0 0 0
171 20 0 0 0 0 0 0 0 0
172 20 0 0 0 0 0 0 0 0
174 24 0 0 0 0 0 0 0 0
183 11 1 1 0 0 0 0 0 0
184 11 0 0 0 0 0 0 0 0
187 11 0 0 0 0 0 0 0 0
188 11 0 0 0 0 0 0 0 0
189 11 0 0 0 0 0 0 0 0
194 12 1 1 0 0 0 0 0 0
196 12 0 0 12 1 1 0 0 0
197 12 0 0 12 0 0 0 0 0
198 12 0 0 12 0 0 0 0 0
199 12 0 0 12 0 0 0 0 0
201 12 0 0 0 0 0 12 3 3
202 12 0 0 0 0 0 12 0 0
203 12 0 0 0 0 0 12 2 2
204 12 0 0 0 0 0 12 0 0
206 12 0 0 0 0 0 0 0 0
207 12 0 0 0 0 0 0 0 0
209 12 0 0 0 0 0 0 0 0
211 4 0 0 0 0 0 0 0 0
213 4 0 0 4 4 4 0 0 0
214 4 0 0 4 0 0 0 0 0
215 4 0 0 4 0 0 0 0 0
216 4 0 0 4 0 0 0 0 0
218 4 0 0 0 0 0 4 4 4
219 4 0 0 0 0 0 4 0 0
220 4 0 0 0 0 0 4 0 0
221 4 0 0 0 0 0 4 0 0
223 4 0 0 0 0 0 0 0 0
224 4 0 0 0 0 0 0 0 0
226 5 0 0 0 0 0 0 0 0
231 11 1 1 0 0 0 0 0 0
237 11 0 0 11 0 0 0 0 0
238 11 0 0 0 0 0 0 0 0
240 1 0 0 1 0 0 0 0 0
fl=/build/buildd/eglibc-2.19/string/../sysdeps/x86_64/multiarch/../rtld-strlen.S
fn=strlen
26 25 1 1 0 0 0 0 0 0
27 25 0 0 0 0 0 0 0 0
28 25 0 0 0 0 0 0 0 0
29 25 0 0 0 0 0 0 0 0
31 15 0 0 0 0 0 0 0 0
32 15 0 0 0 0 0 0 0 0
34 59 0 0 59 1 1 0 0 0
35 59 0 0 0 0 0 0 0 0
36 58 0 0 0 0 0 0 0 0
37 58 0 0 0 0 0 0 0 0
38 58 0 0 0 0 0 0 0 0
40 48 1 1 0 0 0 0 0 0
45 31 0 0 31 0 0 0 0 0
46 31 0 0 0 0 0 0 0 0
47 31 0 0 0 0 0 0 0 0
48 31 0 0 0 0 0 0 0 0
51 31 0 0 0 0 0 0 0 0
52 27 0 0 0 0 0 0 0 0
53 27 0 0 0 0 0 0 0 0
54 27 0 0 0 0 0 0 0 0
56 27 0 0 0 0 0 0 0 0
59 22 0 0 22 0 0 0 0 0
60 22 0 0 0 0 0 0 0 0
61 22 0 0 0 0 0 0 0 0
62 22 0 0 0 0 0 0 0 0
65 22 0 0 0 0 0 0 0 0
66 15 0 0 0 0 0 0 0 0
67 15 0 0 0 0 0 0 0 0
68 15 1 1 0 0 0 0 0 0
70 15 0 0 0 0 0 0 0 0
73 12 0 0 12 1 1 0 0 0
74 12 0 0 0 0 0 0 0 0
75 12 0 0 0 0 0 0 0 0
76 12 0 0 0 0 0 0 0 0
79 12 0 0 0 0 0 0 0 0
80 12 0 0 0 0 0 0 0 0
81 12 0 0 0 0 0 0 0 0
82 12 0 0 0 0 0 0 0 0
84 12 0 0 0 0 0 0 0 0
87 12 0 0 12 0 0 0 0 0
88 12 0 0 0 0 0 0 0 0
89 12 0 0 0 0 0 0 0 0
90 12 0 0 0 0 0 0 0 0
93 12 0 0 0 0 0 0 0 0
94 9 0 0 0 0 0 0 0 0
95 9 0 0 0 0 0 0 0 0
96 9 0 0 0 0 0 0 0 0
98 11 0 0 0 0 0 0 0 0
101 24 1 1 0 0 0 0 0 0
103 24 0 0 0 0 0 0 0 0
104 24 0 0 0 0 0 0 0 0
105 23 0 0 0 0 0 0 0 0
107 23 0 0 0 0 0 0 0 0
108 23 0 0 0 0 0 0 0 0
109 22 0 0 0 0 0 0 0 0
111 22 0 0 0 0 0 0 0 0
112 22 0 0 0 0 0 0 0 0
113 19 0 0 0 0 0 0 0 0
115 19 0 0 0 0 0 0 0 0
116 19 0 0 0 0 0 0 0 0
117 17 0 0 0 0 0 0 0 0
119 17 0 0 0 0 0 0 0 0
121 17 0 0 0 0 0 0 0 0
122 17 0 0 0 0 0 0 0 0
123 15 0 0 0 0 0 0 0 0
125 15 0 0 0 0 0 0 0 0
126 15 0 0 0 0 0 0 0 0
127 13 0 0 0 0 0 0 0 0
129 13 0 0 0 0 0 0 0 0
130 13 0 0 0 0 0 0 0 0
131 9 0 0 0 0 0 0 0 0
133 25 1 1 0 0 0 0 0 0
134 25 0 0 25 0 0 0 0 0
fl=/build/buildd/eglibc-2.19/string/../sysdeps/x86_64/multiarch/../strchr.S
fn=index
24 17 1 1 0 0 0 0 0 0
25 17 0 0 0 0 0 0 0 0
26 17 0 0 0 0 0 0 0 0
27 17 0 0 0 0 0 0 0 0
28 17 0 0 0 0 0 0 0 0
29 17 0 0 0 0 0 0 0 0
30 17 0 0 0 0 0 0 0 0
31 17 0 0 0 0 0 0 0 0
32 17 0 0 17 5 5 0 0 0
33 17 0 0 0 0 0 0 0 0
34 17 0 0 0 0 0 0 0 0
35 17 1 1 0 0 0 0 0 0
36 17 0 0 0 0 0 0 0 0
37 17 0 0 0 0 0 0 0 0
38 17 0 0 0 0 0 0 0 0
39 17 0 0 0 0 0 0 0 0
40 17 0 0 0 0 0 0 0 0
41 14 0 0 0 0 0 0 0 0
45 14 0 0 0 0 0 0 0 0
46 14 0 0 0 0 0 0 0 0
47 14 0 0 14 0 0 0 0 0
48 14 0 0 0 0 0 0 0 0
50 14 0 0 14 0 0 0 0 0
54 3 0 0 3 0 0 0 0 0
55 3 0 0 0 0 0 0 0 0
56 3 0 0 0 0 0 0 0 0
57 3 0 0 0 0 0 0 0 0
58 3 0 0 0 0 0 0 0 0
59 3 1 1 0 0 0 0 0 0
60 3 0 0 3 0 0 0 0 0
61 3 0 0 0 0 0 0 0 0
62 3 0 0 0 0 0 0 0 0
63 3 0 0 0 0 0 0 0 0
64 3 0 0 0 0 0 0 0 0
65 3 0 0 0 0 0 0 0 0
66 3 0 0 0 0 0 0 0 0
67 3 0 0 3 1 1 0 0 0
68 3 0 0 0 0 0 0 0 0
69 3 0 0 0 0 0 0 0 0
70 3 0 0 0 0 0 0 0 0
71 3 0 0 0 0 0 0 0 0
72 3 0 0 0 0 0 0 0 0
73 3 0 0 0 0 0 0 0 0
74 3 0 0 0 0 0 0 0 0
75 3 1 1 0 0 0 0 0 0
76 3 0 0 0 0 0 0 0 0
77 3 0 0 0 0 0 0 0 0
129 3 1 1 0 0 0 0 0 0
133 3 0 0 0 0 0 0 0 0
134 3 0 0 0 0 0 0 0 0
135 3 0 0 3 0 0 0 0 0
136 3 1 1 0 0 0 0 0 0
138 3 0 0 3 0 0 0 0 0
fl=/build/buildd/eglibc-2.19/string/../sysdeps/x86_64/multiarch/../strcmp.S
fn=__strcmp_ssse3
180 8 1 1 0 0 0 0 0 0
181 8 0 0 0 0 0 0 0 0
183 8 0 0 0 0 0 0 0 0
184 8 0 0 0 0 0 0 0 0
205 8 0 0 0 0 0 0 0 0
206 8 0 0 0 0 0 0 0 0
207 8 0 0 0 0 0 0 0 0
208 8 0 0 0 0 0 0 0 0
209 8 0 0 8 0 0 0 0 0
210 8 0 0 8 0 0 0 0 0
211 8 0 0 8 0 0 0 0 0
212 8 0 0 8 0 0 0 0 0
233 8 0 0 0 0 0 0 0 0
234 8 0 0 0 0 0 0 0 0
235 8 0 0 0 0 0 0 0 0
236 8 0 0 0 0 0 0 0 0
237 8 0 0 0 0 0 0 0 0
238 8 1 1 0 0 0 0 0 0
239 8 0 0 0 0 0 0 0 0
2247 8 1 1 0 0 0 0 0 0
2253 8 0 0 8 0 0 0 0 0
2254 8 0 0 8 0 0 0 0 0
2262 8 0 0 0 0 0 0 0 0
2263 8 0 0 8 0 0 0 0 0
fn=strcmp
131 16770 1 1 16770 87 33 0 0 0
132 16770 0 0 16770 29 8 0 0 0
133 16770 0 0 0 0 0 0 0 0
134 16413 0 0 0 0 0 0 0 0
135 16413 0 0 0 0 0 0 0 0
136 16413 0 0 0 0 0 0 0 0
137 16413 0 0 0 0 0 0 0 0
139 1344 0 0 0 0 0 0 0 0
140 1344 0 0 1344 0 0 0 0 0
142 357 0 0 0 0 0 0 0 0
143 357 0 0 0 0 0 0 0 0
144 357 0 0 0 0 0 0 0 0
145 357 0 0 357 0 0 0 0 0
fl=/build/buildd/eglibc-2.19/string/../sysdeps/x86_64/multiarch/memcmp-sse4.S
fn=__memcmp_sse4_1
47 1 1 1 0 0 0 0 0 0
48 1 0 0 0 0 0 0 0 0
49 1 0 0 0 0 0 0 0 0
69 1 1 1 1 0 0 0 0 0
70 1 0 0 1 0 0 0 0 0
71 1 0 0 0 0 0 0 0 0
72 1 0 0 0 0 0 0 0 0
73 1 0 0 0 0 0 0 0 0
74 1 0 0 0 0 0 0 0 0
75 1 0 0 0 0 0 0 0 0
76 1 1 1 0 0 0 0 0 0
77 1 0 0 0 0 0 0 0 0
79 1 0 0 0 0 0 0 0 0
80 1 0 0 0 0 0 0 0 0
81 1 0 0 0 0 0 0 0 0
82 1 0 0 0 0 0 0 0 0
84 1 0 0 0 0 0 0 0 0
85 1 0 0 0 0 0 0 0 0
87 1 0 0 0 0 0 0 0 0
89 1 0 0 1 0 0 0 0 0
90 1 0 0 1 0 0 0 0 0
91 1 0 0 0 0 0 0 0 0
92 1 0 0 0 0 0 0 0 0
94 1 1 1 1 0 0 0 0 0
95 1 0 0 1 0 0 0 0 0
96 1 0 0 0 0 0 0 0 0
97 1 0 0 0 0 0 0 0 0
99 1 0 0 1 0 0 0 0 0
100 1 0 0 1 0 0 0 0 0
101 1 0 0 0 0 0 0 0 0
102 1 0 0 0 0 0 0 0 0
104 1 0 0 1 0 0 0 0 0
105 1 0 0 1 0 0 0 0 0
106 1 0 0 0 0 0 0 0 0
107 1 0 0 0 0 0 0 0 0
108 1 0 0 0 0 0 0 0 0
109 1 1 1 0 0 0 0 0 0
111 1 0 0 1 0 0 0 0 0
112 1 0 0 1 0 0 0 0 0
113 1 0 0 0 0 0 0 0 0
114 1 0 0 0 0 0 0 0 0
116 1 0 0 1 0 0 0 0 0
117 1 0 0 1 0 0 0 0 0
118 1 0 0 0 0 0 0 0 0
119 1 0 0 0 0 0 0 0 0
120 1 0 0 0 0 0 0 0 0
121 1 0 0 0 0 0 0 0 0
122 1 0 0 0 0 0 0 0 0
124 1 0 0 0 0 0 0 0 0
125 1 0 0 0 0 0 0 0 0
126 1 0 0 0 0 0 0 0 0
127 1 0 0 0 0 0 0 0 0
128 4 0 0 1 1 1 0 0 0
131 1 1 1 0 0 0 0 0 0
132 1 0 0 0 0 0 0 0 0
133 1 0 0 0 0 0 0 0 0
134 1 0 0 0 0 0 0 0 0
136 1 0 0 0 0 0 0 0 0
138 1 0 0 1 0 0 0 0 0
139 1 0 0 1 0 0 0 0 0
140 1 1 1 0 0 0 0 0 0
141 1 0 0 0 0 0 0 0 0
143 1 0 0 1 0 0 0 0 0
144 1 0 0 1 0 0 0 0 0
145 1 0 0 0 0 0 0 0 0
146 1 0 0 0 0 0 0 0 0
148 1 0 0 1 0 0 0 0 0
149 1 0 0 1 0 0 0 0 0
150 1 0 0 0 0 0 0 0 0
151 1 0 0 0 0 0 0 0 0
153 1 0 0 1 0 0 0 0 0
154 1 0 0 1 0 0 0 0 0
155 1 1 1 0 0 0 0 0 0
156 1 0 0 0 0 0 0 0 0
158 1 0 0 1 0 0 0 0 0
159 1 0 0 1 0 0 0 0 0
160 1 0 0 0 0 0 0 0 0
161 1 0 0 0 0 0 0 0 0
163 1 0 0 1 0 0 0 0 0
164 1 0 0 1 0 0 0 0 0
165 1 0 0 0 0 0 0 0 0
166 1 0 0 0 0 0 0 0 0
168 1 0 0 1 0 0 0 0 0
169 1 0 0 1 0 0 0 0 0
170 1 1 1 0 0 0 0 0 0
171 1 0 0 0 0 0 0 0 0
173 1 0 0 1 0 0 0 0 0
174 1 0 0 1 0 0 0 0 0
175 1 0 0 0 0 0 0 0 0
176 1 0 0 0 0 0 0 0 0
178 1 0 0 0 0 0 0 0 0
179 1 0 0 0 0 0 0 0 0
181 1 0 0 0 0 0 0 0 0
182 1 0 0 0 0 0 0 0 0
1249 1 1 1 1 0 0 0 0 0
1250 1 0 0 1 0 0 0 0 0
1251 1 0 0 0 0 0 0 0 0
1252 1 0 0 0 0 0 0 0 0
1253 1 0 0 0 0 0 0 0 0
1254 1 0 0 0 0 0 0 0 0
1255 1 0 0 1 0 0 0 0 0
1256 1 0 0 1 0 0 0 0 0
1257 1 0 0 0 0 0 0 0 0
1258 1 0 0 0 0 0 0 0 0
1259 1 1 1 1 0 0 0 0 0
1260 1 0 0 1 0 0 0 0 0
1261 1 0 0 0 0 0 0 0 0
1262 1 0 0 1 0 0 0 0 0
fl=/build/buildd/eglibc-2.19/string/../sysdeps/x86_64/multiarch/memcmp.S
fn=bcmp
29 1 1 1 1 0 0 0 0 0
30 1 0 0 0 0 0 0 0 0
33 1 0 0 1 0 0 0 0 0
34 1 0 0 0 0 0 0 0 0
38 1 0 0 1 0 0 0 0 0
39 1 0 0 0 0 0 0 0 0
40 1 0 0 0 0 0 0 0 0
41 1 0 0 1 0 0 0 0 0
fl=/build/buildd/eglibc-2.19/string/../sysdeps/x86_64/multiarch/memcpy-sse2-unaligned.S
fn=__memcpy_sse2_unaligned
25 1 1 1 0 0 0 0 0 0
26 1 0 0 0 0 0 0 0 0
27 1 0 0 0 0 0 0 0 0
28 1 0 0 0 0 0 0 0 0
29 1 0 0 0 0 0 0 0 0
30 1 0 0 0 0 0 0 0 0
31 1 0 0 0 0 0 0 0 0
32 1 0 0 0 0 0 0 0 0
33 1 0 0 1 0 0 0 0 0
34 1 0 0 0 0 0 0 0 0
35 1 0 0 0 0 0 1 1 0
36 1 1 1 1 0 0 0 0 0
37 1 0 0 0 0 0 1 1 0
38 1 0 0 0 0 0 0 0 0
40 1 0 0 0 0 0 0 0 0
41 1 0 0 1 0 0 0 0 0
45 1 0 0 1 0 0 0 0 0
46 1 0 0 0 0 0 0 0 0
47 1 0 0 0 0 0 1 0 0
48 1 0 0 1 0 0 0 0 0
49 1 0 0 0 0 0 1 0 0
50 1 0 0 0 0 0 0 0 0
51 1 1 1 1 0 0 0 0 0
52 1 0 0 0 0 0 0 0 0
53 1 0 0 0 0 0 1 0 0
54 1 0 0 1 0 0 0 0 0
55 1 0 0 0 0 0 1 0 0
56 1 0 0 1 0 0 0 0 0
57 1 0 0 0 0 0 1 0 0
58 1 0 0 1 0 0 0 0 0
59 1 0 0 0 0 0 1 1 0
60 1 0 0 0 0 0 0 0 0
61 1 1 1 0 0 0 0 0 0
62 1 0 0 0 0 0 0 0 0
63 1 0 0 0 0 0 0 0 0
64 1 0 0 0 0 0 0 0 0
65 1 0 0 0 0 0 0 0 0
66 1 0 0 0 0 0 0 0 0
67 1 0 0 0 0 0 0 0 0
68 1 0 0 0 0 0 0 0 0
69 1 0 0 0 0 0 0 0 0
70 1 0 0 0 0 0 0 0 0
71 1 0 0 0 0 0 0 0 0
72 1 0 0 0 0 0 0 0 0
73 1 0 0 0 0 0 0 0 0
74 1 0 0 0 0 0 0 0 0
78 3 0 0 3 0 0 0 0 0
79 3 0 0 0 0 0 3 1 0
80 3 1 1 3 0 0 0 0 0
81 3 0 0 0 0 0 3 0 0
82 3 0 0 3 0 0 0 0 0
83 3 0 0 0 0 0 3 0 0
84 3 0 0 3 0 0 0 0 0
85 3 0 0 0 0 0 3 0 0
86 3 0 0 0 0 0 0 0 0
87 3 0 0 0 0 0 0 0 0
88 3 0 0 0 0 0 0 0 0
89 1 0 0 0 0 0 0 0 0
fl=/build/buildd/eglibc-2.19/string/../sysdeps/x86_64/multiarch/memcpy.S
fn=memcpy@@GLIBC_2.14
32 1 1 1 1 0 0 0 0 0
33 1 0 0 0 0 0 0 0 0
35 1 1 1 0 0 0 0 0 0
36 1 0 0 1 1 0 0 0 0
37 1 0 0 0 0 0 0 0 0
38 1 0 0 0 0 0 0 0 0
39 1 0 0 1 0 0 0 0 0
fl=/build/buildd/eglibc-2.19/string/../sysdeps/x86_64/multiarch/memmove.c
fn=memcpy@GLIBC_2.2.5
49 1 1 1 0 0 0 0 0 0
fl=/build/buildd/eglibc-2.19/string/../sysdeps/x86_64/multiarch/strcmp.S
fn=strcasecmp
114 1 1 1 1 1 1 0 0 0
115 1 0 0 0 0 0 0 0 0
116 1 0 0 0 0 0 1 0 0
119 1 0 0 0 0 0 0 0 0
120 1 0 0 1 0 0 0 0 0
121 1 1 1 0 0 0 0 0 0
132 1 0 0 1 0 0 0 0 0
fn=strcmp
88 1 1 1 1 1 0 0 0 0
89 1 0 0 0 0 0 0 0 0
93 1 1 1 0 0 0 0 0 0
94 1 0 0 1 0 0 0 0 0
95 1 0 0 0 0 0 0 0 0
103 1 0 0 0 0 0 0 0 0
104 1 0 0 1 0 0 0 0 0
105 1 0 0 0 0 0 0 0 0
107 1 0 0 1 0 0 0 0 0
fn=strncasecmp
140 1 1 1 1 0 0 0 0 0
141 1 0 0 0 0 0 0 0 0
145 1 0 0 0 0 0 0 0 0
146 1 0 0 1 0 0 0 0 0
147 1 0 0 0 0 0 0 0 0
158 1 1 1 1 0 0 0 0 0
fl=/build/buildd/eglibc-2.19/string/../sysdeps/x86_64/rtld-memset.S
fn=memset
30 17 1 1 0 0 0 0 0 0
31 17 0 0 0 0 0 0 0 0
32 17 0 0 0 0 0 0 0 0
33 5129 0 0 0 0 0 5112 83 83
34 17 0 0 0 0 0 0 0 0
35 17 0 0 17 0 0 0 0 0
fl=/build/buildd/eglibc-2.19/string/../sysdeps/x86_64/strlen.S
fn=strlen
66 58 1 1 0 0 0 0 0 0
67 58 0 0 0 0 0 0 0 0
68 58 0 0 0 0 0 0 0 0
69 58 0 0 0 0 0 0 0 0
70 58 0 0 0 0 0 0 0 0
71 58 0 0 0 0 0 0 0 0
72 58 0 0 0 0 0 0 0 0
74 58 0 0 0 0 0 0 0 0
76 58 0 0 0 0 0 0 0 0
106 58 0 0 58 4 4 0 0 0
107 58 0 0 0 0 0 0 0 0
108 58 0 0 0 0 0 0 0 0
109 58 0 0 0 0 0 0 0 0
110 58 0 0 0 0 0 0 0 0
111 58 0 0 0 0 0 0 0 0
112 58 1 1 58 0 0 0 0 0
fl=/build/buildd/eglibc-2.19/string/../sysdeps/x86_64/strrchr.S
fn=rindex
24 1 1 1 0 0 0 0 0 0
25 1 0 0 0 0 0 0 0 0
26 1 0 0 0 0 0 0 0 0
27 1 0 0 0 0 0 0 0 0
28 1 0 0 0 0 0 0 0 0
29 1 0 0 0 0 0 0 0 0
30 1 0 0 0 0 0 0 0 0
31 1 0 0 0 0 0 0 0 0
32 1 0 0 1 1 0 0 0 0
33 1 0 0 0 0 0 0 0 0
34 1 0 0 0 0 0 0 0 0
35 1 0 0 0 0 0 0 0 0
36 1 0 0 0 0 0 0 0 0
37 1 0 0 0 0 0 0 0 0
38 1 1 1 0 0 0 0 0 0
39 1 0 0 0 0 0 0 0 0
40 1 0 0 0 0 0 0 0 0
51 1 0 0 1 1 0 0 0 0
52 1 0 0 0 0 0 0 0 0
53 1 0 0 1 0 0 0 0 0
54 1 0 0 0 0 0 0 0 0
55 1 0 0 0 0 0 0 0 0
56 1 0 0 1 0 0 0 0 0
57 1 0 0 0 0 0 0 0 0
58 1 1 1 0 0 0 0 0 0
59 1 0 0 0 0 0 0 0 0
60 1 0 0 0 0 0 0 0 0
61 1 0 0 0 0 0 0 0 0
62 1 0 0 0 0 0 0 0 0
63 1 0 0 0 0 0 0 0 0
64 1 0 0 0 0 0 0 0 0
65 1 0 0 0 0 0 0 0 0
66 1 0 0 0 0 0 0 0 0
67 1 0 0 0 0 0 0 0 0
68 1 0 0 0 0 0 0 0 0
69 1 0 0 0 0 0 0 0 0
70 1 0 0 0 0 0 0 0 0
71 1 0 0 0 0 0 0 0 0
72 1 0 0 0 0 0 0 0 0
73 1 0 0 0 0 0 0 0 0
74 1 1 1 0 0 0 0 0 0
75 1 0 0 0 0 0 0 0 0
76 1 0 0 0 0 0 0 0 0
77 1 0 0 0 0 0 0 0 0
78 1 0 0 0 0 0 0 0 0
79 1 0 0 0 0 0 0 0 0
80 1 0 0 0 0 0 0 0 0
81 1 0 0 0 0 0 0 0 0
82 1 0 0 0 0 0 0 0 0
83 1 0 0 0 0 0 0 0 0
84 1 0 0 0 0 0 0 0 0
85 1 0 0 0 0 0 0 0 0
86 1 0 0 0 0 0 0 0 0
87 1 0 0 1 0 0 0 0 0
fl=/build/buildd/eglibc-2.19/string/wordcopy.c
fn=_wordcopy_fwd_aligned
38 12 1 1 2 1 1 0 0 0
41 1 0 0 1 0 0 0 0 0
42 1 0 0 0 0 0 0 0 0
43 1 0 0 0 0 0 0 0 0
44 1 0 0 0 0 0 0 0 0
45 1 0 0 0 0 0 0 0 0
47 1 1 1 1 0 0 0 0 0
48 1 0 0 0 0 0 0 0 0
49 1 0 0 0 0 0 0 0 0
50 1 0 0 0 0 0 0 0 0
51 1 0 0 0 0 0 0 0 0
115 1 1 1 1 0 0 0 0 0
116 1 0 0 0 0 0 1 0 0
118 2 0 0 2 0 0 0 0 0
119 2 0 0 0 0 0 2 0 0
122 2 0 0 0 0 0 0 0 0
125 4 0 0 0 0 0 0 0 0
130 4 1 1 2 0 0 2 0 0
fl=/build/buildd/eglibc-2.19/time/../sysdeps/generic/dl-hash.h
fn=gettimeofday
43 1 0 0 0 0 0 0 0 0
44 1 1 1 0 0 0 0 0 0
45 13 1 1 4 0 0 0 0 0
48 12 0 0 0 0 0 0 0 0
49 8 0 0 0 0 0 0 0 0
62 8 0 0 0 0 0 0 0 0
67 1 0 0 0 0 0 0 0 0
fn=time
43 1 0 0 0 0 0 0 0 0
44 1 0 0 0 0 0 0 0 0
45 13 0 0 4 1 1 0 0 0
48 12 0 0 0 0 0 0 0 0
49 8 1 1 0 0 0 0 0 0
62 8 0 0 0 0 0 0 0 0
67 1 0 0 0 0 0 0 0 0
fl=/build/buildd/eglibc-2.19/time/../sysdeps/unix/sysv/linux/x86_64/gettimeofday.c
fn=gettimeofday
30 1 0 0 0 0 0 0 0 0
31 7 0 0 0 0 0 4 0 0
34 3 0 0 0 0 0 1 0 0
35 3 0 0 0 0 0 0 0 0
36 3 0 0 1 0 0 0 0 0
fl=/build/buildd/eglibc-2.19/time/../sysdeps/unix/sysv/linux/x86_64/time.c
fn=time
36 1 0 0 0 0 0 0 0 0
37 7 1 1 0 0 0 4 0 0
40 6 1 1 0 0 0 1 0 0
41 3 0 0 1 0 0 0 0 0
fl=/build/buildd/eglibc-2.19/wcsmbs/./wcsmbsload.h
fn=btowc
71 384 0 0 128 1 0 0 0 0
73 384 1 1 0 0 0 0 0 0
74 256 0 0 0 0 0 0 0 0
fl=/build/buildd/eglibc-2.19/wcsmbs/btowc.c
fn=btowc
34 1280 1 1 0 0 0 768 0 0
39 1280 0 0 0 0 0 0 0 0
40 256 0 0 0 0 0 0 0 0
44 768 0 0 0 0 0 0 0 0
48 384 1 1 384 1 0 0 0 0
49 256 0 0 256 1 0 0 0 0
51 256 0 0 128 1 0 0 0 0
52 256 0 0 0 0 0 0 0 0
56 256 0 0 128 1 0 0 0 0
59 768 1 1 128 0 0 256 0 0
101 1280 0 0 1024 0 0 0 0 0
fl=/build/buildd/eglibc-2.19/wcsmbs/wctob.c
fn=wctob
32 896 1 1 0 0 0 640 0 0
41 256 0 0 0 0 0 0 0 0
46 256 0 0 0 0 0 0 0 0
47 128 0 0 0 0 0 0 0 0
84 896 0 0 768 0 0 0 0 0
fl=/build/buildd/eglibc-2.19/wctype/wctype_l.c
fn=wctype_l
27 81 1 1 0 0 0 54 0 0
30 18 0 0 0 0 0 9 0 0
33 27 0 0 18 1 0 0 0 0
34 49 0 0 0 0 0 0 0 0
36 147 1 1 0 0 0 49 0 0
38 344 0 0 0 0 0 41 0 0
41 40 0 0 0 0 0 0 0 0
42 80 0 0 40 0 0 0 0 0
46 9 0 0 9 1 0 0 0 0
47 9 0 0 9 2 0 0 0 0
48 72 1 1 63 0 0 0 0 0
fl=/home/x86isnice/HeapStack/main.cpp
fn=BuildHeap(int*, int)
43 45 0 0 0 0 0 27 0 0
44 168 0 0 76 0 0 9 0 0
46 145 0 0 58 0 0 29 0 0
48 18 0 0 18 0 0 0 0 0
fn=GetLeft(int)
7 189 0 0 0 0 0 126 0 0
8 189 0 0 63 0 0 0 0 0
9 126 0 0 126 0 0 0 0 0
fn=GetRight(int)
12 189 0 0 0 0 0 126 0 0
13 189 0 0 63 0 0 0 0 0
14 126 0 0 126 0 0 0 0 0
fn=HeapFit(int*, int)
24 315 0 0 0 0 0 189 0 0
25 126 1 1 63 0 0 63 0 0
26 252 0 0 63 0 0 126 0 0
27 252 0 0 63 0 0 126 0 0
29 1057 1 1 498 2 0 0 0 0
30 56 0 0 28 0 0 28 0 0
32 1057 1 1 498 1 0 0 0 0
33 22 0 0 11 0 0 11 0 0
35 189 0 0 126 0 0 0 0 0
37 442 0 0 136 0 0 34 0 0
38 170 0 0 68 0 0 34 0 0
40 126 0 0 126 0 0 0 0 0
fn=_GLOBAL__sub_I_HeapSize
66 7 1 1 2 0 0 2 0 0
fn=__static_initialization_and_destruction_0(int, int)
66 11 1 1 4 0 0 3 0 0
fn=main
60 3 1 1 0 0 0 1 0 0
61 23 2 2 0 0 0 16 0 0
62 4 0 0 0 0 0 1 0 0
63 34 0 0 21 0 0 1 0 0
64 60 0 0 20 0 0 10 0 0
65 1 0 0 0 0 0 0 0 0
66 2 0 0 2 0 0 0 0 0
fn=sort_Myheap(int*, int)
51 5 1 1 0 0 0 3 0 0
52 33 0 0 20 0 0 1 0 0
54 81 0 0 27 0 0 9 0 0
55 45 0 0 18 0 0 9 0 0
57 2 0 0 2 0 0 0 0 0
fn=swap(int&, int&)
17 172 1 1 0 0 0 129 0 0
18 129 0 0 86 0 0 43 0 0
19 172 0 0 129 0 0 43 0 0
20 129 0 0 86 0 0 43 0 0
21 86 0 0 86 0 0 0 0 0
fl=/usr/include/c++/4.8/iostream
fn=__static_initialization_and_destruction_0(int, int)
74 6 0 0 0 0 0 2 0 0
fl=???
fn=???
0 2321 120 116 1255 87 7 321 13 11
fn=__atan2_finite
0 9 0 0 2 0 0 1 0 0
fn=__cpu_indicator_init
0 89 7 7 19 2 1 13 0 0
fn=__cxa_guard_acquire
0 26 3 3 10 1 0 6 0 0
fn=__cxa_guard_release
0 5 2 2 2 0 0 2 0 0
fn=__cxxabiv1::__si_class_type_info::__do_dyncast(long, __cxxabiv1::__class_type_info::__sub_kind, __cxxabiv1::__class_type_info const*, void const*, __cxxabiv1::__class_type_info const*, void const*, __cxxabiv1::__class_type_info::__dyncast_result&) const
0 1400 3 3 440 0 0 360 0 0
fn=__cxxabiv1::__vmi_class_type_info::__do_dyncast(long, __cxxabiv1::__class_type_info::__sub_kind, __cxxabiv1::__class_type_info const*, void const*, __cxxabiv1::__class_type_info const*, void const*, __cxxabiv1::__class_type_info::__dyncast_result&) const
0 464 5 5 176 2 1 128 0 0
fn=__dynamic_cast
0 2160 3 3 672 15 0 576 0 0
fn=__gnu_cxx::stdio_sync_filebuf<char, std::char_traits<char> >::xsputn(char const*, long)
0 50 2 2 10 0 0 0 0 0
fn=__libc_csu_init
0 41 3 3 9 2 1 9 0 0
fn=__log_finite
0 9 1 1 2 0 0 1 0 0
fn=_dl_debug_initialize
0 7 1 1 6 0 0 0 0 0
fn=bool std::has_facet<std::ctype<char> >(std::locale const&)
0 84 2 2 36 1 0 12 0 0
fn=bool std::has_facet<std::ctype<wchar_t> >(std::locale const&)
0 84 2 2 36 0 0 12 0 0
fn=bool std::has_facet<std::num_get<char, std::istreambuf_iterator<char, std::char_traits<char> > > >(std::locale const&)
0 84 1 1 36 0 0 12 0 0
fn=bool std::has_facet<std::num_get<wchar_t, std::istreambuf_iterator<wchar_t, std::char_traits<wchar_t> > > >(std::locale const&)
0 84 2 2 36 0 0 12 0 0
fn=bool std::has_facet<std::num_put<char, std::ostreambuf_iterator<char, std::char_traits<char> > > >(std::locale const&)
0 84 2 2 36 1 0 12 0 0
fn=bool std::has_facet<std::num_put<wchar_t, std::ostreambuf_iterator<wchar_t, std::char_traits<wchar_t> > > >(std::locale const&)
0 84 2 2 36 0 0 12 0 0
fn=memcpy@GLIBC_2.2.5
0 12 1 1 4 0 0 0 0 0
fn=sin
0 9 0 0 2 0 0 1 0 0
fn=std::__timepunct<char>::_M_initialize_timepunct(__locale_struct*)
0 107 12 12 6 0 0 52 0 0
fn=std::__timepunct<char>::__timepunct(std::__timepunct_cache<char>*, unsigned long)
0 22 2 2 4 0 0 9 1 1
fn=std::__timepunct<wchar_t>::_M_initialize_timepunct(__locale_struct*)
0 105 13 13 5 0 0 51 0 0
fn=std::__timepunct<wchar_t>::__timepunct(std::__timepunct_cache<wchar_t>*, unsigned long)
0 22 2 2 4 0 0 9 0 0
fn=std::basic_ios<char, std::char_traits<char> >::_M_cache_locale(std::locale const&)
0 120 3 3 12 0 0 44 0 0
fn=std::basic_ios<char, std::char_traits<char> >::init(std::basic_streambuf<char, std::char_traits<char> >*)
0 88 3 3 12 0 0 40 1 0
fn=std::basic_ios<wchar_t, std::char_traits<wchar_t> >::_M_cache_locale(std::locale const&)
0 120 2 2 12 0 0 44 0 0
fn=std::basic_ios<wchar_t, std::char_traits<wchar_t> >::init(std::basic_streambuf<wchar_t, std::char_traits<wchar_t> >*)
0 88 2 2 12 0 0 40 0 0
fn=std::codecvt<char, char, __mbstate_t>::codecvt(unsigned long)
0 17 2 2 4 0 0 6 2 2
fn=std::codecvt<wchar_t, char, __mbstate_t>::codecvt(unsigned long)
0 17 2 2 4 0 0 6 1 1
fn=std::ctype<char> const& std::use_facet<std::ctype<char> >(std::locale const&)
0 76 2 2 36 0 0 12 0 0
fn=std::ctype<char>::_M_widen_init() const
0 1056 2 2 9 0 0 263 0 0
fn=std::ctype<char>::ctype(unsigned short const*, bool, unsigned long)
0 161 8 8 8 2 0 83 9 9
fn=std::ctype<char>::do_widen(char const*, char const*, char*) const
0 8 2 2 2 0 0 2 0 0
fn=std::ctype<char>::do_widen(char) const
0 2 0 0 1 0 0 0 0 0
fn=std::ctype<wchar_t> const& std::use_facet<std::ctype<wchar_t> >(std::locale const&)
0 76 2 2 36 0 0 12 0 0
fn=std::ctype<wchar_t>::_M_convert_to_wmask(unsigned short) const
0 129 5 5 12 0 0 0 0 0
fn=std::ctype<wchar_t>::_M_initialize_ctype()
0 2757 4 4 5 0 0 810 20 20
fn=std::ctype<wchar_t>::ctype(unsigned long)
0 19 2 2 3 0 0 7 1 1
fn=std::error_category::error_category()
0 12 1 1 6 1 0 3 0 0
fn=std::future_category()
0 21 3 3 2 1 1 6 0 0
fn=std::ios_base::Init::Init()
0 270 32 31 41 12 1 168 16 13
fn=std::ios_base::_M_init()
0 144 2 2 24 0 0 64 0 0
fn=std::ios_base::ios_base()
0 472 3 3 8 0 0 216 31 27
fn=std::locale::_Impl::_Impl(unsigned long)
0 819 66 66 132 13 1 406 43 43
fn=std::locale::_Impl::_M_install_facet(std::locale::id const*, std::locale::facet const*)
0 7448 7 7 2716 0 0 224 0 0
fn=std::locale::facet::_S_create_c_locale(__locale_struct*&, char const*, __locale_struct*)
0 9 1 1 2 0 0 3 0 0
fn=std::locale::facet::_S_get_c_locale()
0 92 1 1 50 0 0 11 0 0
fn=std::locale::facet::_S_get_c_name()
0 10 1 1 5 0 0 0 0 0
fn=std::locale::id::_M_id() const
0 750 1 1 244 7 4 56 0 0
fn=std::locale::locale()
0 462 4 4 176 0 0 132 1 0
fn=std::locale::operator=(std::locale const&)
0 136 3 3 56 0 0 24 0 0
fn=std::locale::~locale()
0 96 1 1 40 0 0 16 0 0
fn=std::messages<char>::messages(unsigned long)
0 19 2 2 4 0 0 8 1 1
fn=std::messages<wchar_t>::messages(unsigned long)
0 19 2 2 4 0 0 8 0 0
fn=std::moneypunct<char, false>::_M_initialize_moneypunct(__locale_struct*, char const*)
0 112 6 6 37 1 1 31 0 0
fn=std::moneypunct<char, true>::_M_initialize_moneypunct(__locale_struct*, char const*)
0 112 6 6 37 0 0 31 0 0
fn=std::moneypunct<wchar_t, false>::_M_initialize_moneypunct(__locale_struct*, char const*)
0 108 6 6 29 0 0 32 0 0
fn=std::moneypunct<wchar_t, true>::_M_initialize_moneypunct(__locale_struct*, char const*)
0 108 6 6 29 0 0 32 0 0
fn=std::num_get<char, std::istreambuf_iterator<char, std::char_traits<char> > > const& std::use_facet<std::num_get<char, std::istreambuf_iterator<char, std::char_traits<char> > > >(std::locale const&)
0 76 1 1 36 0 0 12 0 0
fn=std::num_get<wchar_t, std::istreambuf_iterator<wchar_t, std::char_traits<wchar_t> > > const& std::use_facet<std::num_get<wchar_t, std::istreambuf_iterator<wchar_t, std::char_traits<wchar_t> > > >(std::locale const&)
0 76 1 1 36 0 0 12 0 0
fn=std::num_put<char, std::ostreambuf_iterator<char, std::char_traits<char> > > const& std::use_facet<std::num_put<char, std::ostreambuf_iterator<char, std::char_traits<char> > > >(std::locale const&)
0 76 2 2 36 0 0 12 0 0
fn=std::num_put<char, std::ostreambuf_iterator<char, std::char_traits<char> > >::do_put(std::ostreambuf_iterator<char, std::char_traits<char> >, std::ios_base&, char, long) const
0 50 2 2 10 0 0 10 0 0
fn=std::num_put<wchar_t, std::ostreambuf_iterator<wchar_t, std::char_traits<wchar_t> > > const& std::use_facet<std::num_put<wchar_t, std::ostreambuf_iterator<wchar_t, std::char_traits<wchar_t> > > >(std::locale const&)
0 76 2 2 36 0 0 12 0 0
fn=std::numpunct<char>::_M_initialize_numpunct(__locale_struct*)
0 413 6 6 136 3 1 75 0 0
fn=std::numpunct<wchar_t>::_M_initialize_numpunct(__locale_struct*)
0 349 7 7 73 0 0 75 3 3
fn=std::ostream& std::ostream::_M_insert<long>(long)
0 525 6 6 205 1 0 84 0 0
fn=std::ostream::operator<<(int)
0 100 2 2 30 1 0 0 0 0
fn=std::ostream::sentry::sentry(std::ostream&)
0 230 2 2 80 0 0 50 0 0
fn=std::ostreambuf_iterator<char, std::char_traits<char> > std::num_put<char, std::ostreambuf_iterator<char, std::char_traits<char> > >::_M_insert_int<long>(std::ostreambuf_iterator<char, std::char_traits<char> >, std::ios_base&, char, long) const
0 970 7 7 250 2 0 190 0 0
summary: 1354286 1215 1203 331522 8627 5219 122988 1591 1193
